time_stamp,MODE_AUTO,MODE_RTL,MODE_STABILIZE,relative_alt,RTL_ALT,vx,vy,vz
00:56:11.668,0,0,1,0,1500.0,-2,3,3
00:56:11.869,0,0,1,0,1500.0,-2,3,3
00:56:12.070,0,0,1,0,1500.0,-2,3,3
00:56:12.270,0,0,1,0,1500.0,-2,3,3
00:56:12.471,0,0,1,0,1500.0,-2,3,3
00:56:12.672,0,0,1,0,1500.0,-2,3,3
00:56:12.872,0,0,1,0,1500.0,-2,3,3
00:56:13.073,0,0,1,0,1500.0,-2,3,3
00:56:13.274,0,0,1,0,1500.0,-1,2,1
00:56:13.476,0,0,1,0,1500.0,-1,2,1
00:56:13.678,0,0,1,0,1500.0,-1,2,1
00:56:13.880,0,0,1,0,1500.0,-1,1,1
00:56:14.081,0,0,1,0,1500.0,-1,1,1
00:56:14.282,0,0,1,0,1500.0,-1,1,1
00:56:14.484,0,0,1,0,1500.0,-1,1,1
00:56:14.686,0,0,1,0,1500.0,-1,1,1
00:56:14.888,0,0,1,0,1500.0,-1,1,1
00:56:15.091,0,0,1,0,1500.0,-1,1,1
00:56:15.292,0,0,1,0,1500.0,-1,0,0
00:56:15.495,0,0,1,0,1500.0,-1,0,0
00:56:15.697,0,0,1,0,1500.0,-1,0,0
00:56:15.899,0,0,1,0,1500.0,-1,0,0
00:56:16.100,0,0,1,0,1500.0,-1,0,0
00:56:16.302,0,0,1,0,1500.0,-1,0,0
00:56:16.503,0,0,1,0,1500.0,-1,0,0
00:56:16.704,0,0,1,0,1500.0,-1,0,0
00:56:16.906,0,0,1,0,1500.0,-1,0,0
00:56:17.107,0,0,1,0,1500.0,-1,0,0
00:56:17.308,0,0,1,0,1500.0,-1,0,0
00:56:17.510,0,0,1,0,1500.0,-1,0,0
00:56:17.711,0,0,1,0,1500.0,-1,0,0
00:56:17.912,0,0,1,0,1500.0,-1,0,0
00:56:18.114,0,0,1,0,1500.0,-1,0,0
00:56:18.315,0,0,1,0,1500.0,-1,0,0
00:56:18.516,0,0,1,0,1500.0,-1,1,0
00:56:18.718,0,0,1,0,1500.0,-1,1,0
00:56:18.919,0,0,1,0,1500.0,-1,1,0
00:56:19.120,0,0,1,0,1500.0,-1,1,0
00:56:19.321,0,0,1,0,1500.0,-1,2,0
00:56:19.522,0,0,1,0,1500.0,-1,2,0
00:56:19.724,0,0,1,0,1500.0,-1,2,0
00:56:19.925,0,0,1,0,1500.0,-1,1,0
00:56:20.126,0,0,1,0,1500.0,-1,1,0
00:56:20.328,0,0,1,0,1500.0,-1,1,0
00:56:20.530,0,0,1,0,1500.0,-1,1,0
00:56:20.731,0,0,1,0,1500.0,-1,1,0
00:56:20.932,0,0,1,0,1500.0,-1,1,0
00:56:21.134,0,0,1,0,1500.0,-1,1,0
00:56:21.335,0,0,1,0,1500.0,-1,1,0
00:56:21.537,0,0,1,0,1500.0,-1,1,0
00:56:21.738,0,0,1,0,1500.0,-1,1,0
00:56:21.940,0,0,1,0,1500.0,-1,1,0
00:56:22.141,0,0,1,0,1500.0,-1,0,-1
00:56:22.344,0,0,1,0,1500.0,-1,0,-1
00:56:22.545,0,0,1,0,1500.0,-1,0,-1
00:56:22.752,0,0,1,0,1500.0,-1,0,-1
00:56:22.966,0,0,1,0,1500.0,-1,0,-1
00:56:23.169,0,0,1,0,1500.0,-1,0,-1
00:56:23.371,0,0,1,0,1500.0,-1,0,-1
00:56:23.573,0,0,1,0,1500.0,-1,0,-1
00:56:23.774,0,0,1,0,1500.0,-1,1,-1
00:56:23.976,0,0,1,0,1500.0,-1,1,-1
00:56:24.177,0,0,1,0,1500.0,-1,1,-1
00:56:24.379,0,0,1,0,1500.0,-1,1,-1
00:56:24.580,0,0,1,0,1500.0,-1,1,-1
00:56:24.781,0,0,1,0,1500.0,-1,1,-1
00:56:24.983,0,0,1,0,1500.0,-1,1,-1
00:56:25.185,0,0,1,0,1500.0,-1,1,-1
00:56:25.387,0,0,1,0,1500.0,-1,1,-1
00:56:25.588,0,0,1,0,1500.0,-1,2,0
00:56:25.789,0,0,1,0,1500.0,-1,2,0
00:56:25.991,0,0,1,0,1500.0,-1,2,0
00:56:26.193,0,0,1,0,1500.0,-1,2,0
00:56:26.395,0,0,1,0,1500.0,-1,2,0
00:56:26.596,0,0,1,0,1500.0,-1,2,0
00:56:26.798,0,0,1,0,1500.0,-1,2,0
00:56:26.999,0,0,1,0,1500.0,-1,2,0
00:56:27.201,0,0,1,0,1500.0,-1,2,0
00:56:27.402,0,0,1,0,1500.0,-1,2,0
00:56:27.604,0,0,1,0,1500.0,-1,1,0
00:56:27.806,1,0,0,0,1500.0,-1,1,0
00:56:28.008,1,0,0,3,12392.0,-1,1,0
00:56:28.209,1,0,0,3,12392.0,-1,1,0
00:56:28.410,1,0,0,2,12392.0,-1,1,0
00:56:28.612,1,0,0,2,12392.0,-1,1,0
00:56:28.814,1,0,0,2,12392.0,-1,1,0
00:56:29.015,1,0,0,2,12392.0,-1,1,0
00:56:29.218,1,0,0,2,12392.0,-1,1,0
00:56:29.419,1,0,0,3,12392.0,0,0,0
00:56:29.621,1,0,0,3,12392.0,0,0,0
00:56:29.822,1,0,0,3,12392.0,0,0,0
00:56:30.024,1,0,0,3,12392.0,0,0,0
00:56:30.226,1,0,0,3,12392.0,0,0,0
00:56:30.427,1,0,0,3,12392.0,0,0,0
00:56:30.629,1,0,0,3,12392.0,0,0,0
00:56:30.831,1,0,0,3,70611.0,0,0,0
00:56:31.033,1,0,0,3,70611.0,0,0,0
00:56:31.235,1,0,0,3,70611.0,0,0,0
00:56:31.436,1,0,0,3,70611.0,0,0,0
00:56:31.638,1,0,0,4,70611.0,0,0,0
00:56:31.839,1,0,0,7,70611.0,0,0,-8
00:56:32.041,1,0,0,73,70611.0,0,0,-44
00:56:32.243,1,0,0,73,70611.0,0,0,-44
00:56:32.444,1,0,0,228,70611.0,0,0,-78
00:56:32.646,1,0,0,458,70611.0,0,1,-106
00:56:32.849,1,0,0,458,70611.0,0,1,-106
00:56:33.068,1,0,0,458,70611.0,0,1,-106
00:56:33.272,1,0,0,1463,70611.0,1,6,-146
00:56:33.475,1,0,0,1463,70611.0,1,6,-146
00:56:33.676,1,0,0,1842,70611.0,2,13,-148
00:56:33.878,1,0,0,2225,296056.0,3,22,-149
00:56:34.080,1,0,0,2610,296056.0,6,33,-148
00:56:34.282,1,0,0,2994,296056.0,9,45,-147
00:56:34.484,1,0,0,2994,296056.0,9,45,-147
00:56:34.686,1,0,0,3373,296056.0,9,54,-145
00:56:34.888,1,0,0,3373,296056.0,9,54,-145
00:56:35.090,1,0,0,3373,296056.0,9,54,-145
00:56:35.292,1,0,0,4506,296056.0,0,21,-148
00:56:35.494,1,0,0,4506,296056.0,0,21,-148
00:56:35.696,1,0,0,4890,296056.0,-1,0,-149
00:56:35.898,1,0,0,5273,296056.0,-3,-20,-149
00:56:36.099,1,0,0,5657,296056.0,-6,-36,-149
00:56:36.301,1,0,0,6040,296056.0,-7,-48,-149
00:56:36.503,1,0,0,6040,296056.0,-7,-48,-149
00:56:36.705,1,0,0,6424,296056.0,-10,-56,-149
00:56:36.908,1,0,0,6424,100202.0,-10,-56,-149
00:56:37.110,1,0,0,6424,100202.0,-10,-56,-149
00:56:37.312,1,0,0,7583,100202.0,-17,-54,-151
00:56:37.514,1,0,0,7973,100202.0,-19,-45,-152
00:56:37.715,1,0,0,7973,100202.0,-19,-45,-152
00:56:37.917,1,0,0,8365,100202.0,-21,-33,-153
00:56:38.119,1,0,0,8758,100202.0,-21,-17,-153
00:56:38.321,1,0,0,9148,100202.0,-19,-1,-151
00:56:38.523,1,0,0,9536,100202.0,-11,11,-151
00:56:38.725,1,0,0,9536,100202.0,-11,11,-151
00:56:38.927,1,0,0,9536,100202.0,-11,11,-151
00:56:39.129,1,0,0,9536,100202.0,-11,11,-151
00:56:39.331,1,0,0,10682,100202.0,28,25,-148
00:56:39.532,1,0,0,11064,100202.0,33,18,-149
00:56:39.734,1,0,0,11064,100202.0,33,18,-149
00:56:39.936,1,0,0,11457,71678.0,33,10,-150
00:56:40.137,1,0,0,11844,71678.0,30,2,-151
00:56:40.339,1,0,0,12233,71678.0,25,-4,-152
00:56:40.541,1,0,0,12625,71678.0,18,-8,-153
00:56:40.743,1,0,0,12625,71678.0,18,-8,-153
00:56:40.946,1,0,0,12625,71678.0,18,-8,-153
00:56:41.148,1,0,0,12625,71678.0,18,-8,-153
00:56:41.350,1,0,0,13789,71678.0,0,-8,-153
00:56:41.552,1,0,0,14180,71678.0,-5,-5,-152
00:56:41.754,1,0,0,14180,71678.0,-5,-5,-152
00:56:41.958,1,0,0,14569,71678.0,-9,-1,-152
00:56:42.160,1,0,0,14959,71678.0,-12,2,-152
00:56:42.362,1,0,0,15348,71678.0,-13,6,-152
00:56:42.564,1,0,0,15736,71678.0,-14,8,-152
00:56:42.767,1,0,0,15736,71678.0,-14,8,-152
00:56:42.970,1,0,0,15736,85208.0,-14,8,-152
00:56:43.173,1,0,0,15736,85208.0,-14,8,-152
00:56:43.377,1,0,0,16909,85208.0,-12,11,-152
00:56:43.579,1,0,0,17297,85208.0,-10,10,-152
00:56:43.781,1,0,0,17686,85208.0,-8,9,-152
00:56:43.982,1,0,0,17686,85208.0,-8,9,-152
00:56:44.184,1,0,0,18075,85208.0,-7,8,-152
00:56:44.386,1,0,0,18464,85208.0,-5,7,-152
00:56:44.588,1,0,0,18854,85208.0,-4,5,-152
00:56:44.790,1,0,0,18854,85208.0,-4,5,-152
00:56:44.991,1,0,0,18854,85208.0,-4,5,-152
00:56:45.194,1,0,0,18854,85208.0,-4,5,-152
00:56:45.397,1,0,0,20023,85208.0,-1,2,-153
00:56:45.598,1,0,0,20413,85208.0,-1,2,-153
00:56:45.800,1,0,0,20806,85208.0,0,2,-153
00:56:46.001,1,0,0,20806,65976.0,0,2,-153
00:56:46.202,1,0,0,21195,65976.0,0,2,-153
00:56:46.404,1,0,0,21585,65976.0,0,2,-153
00:56:46.606,1,0,0,21975,65976.0,0,3,-153
00:56:46.807,1,0,0,21975,65976.0,0,3,-153
00:56:47.009,1,0,0,21975,65976.0,0,3,-153
00:56:47.211,1,0,0,21975,65976.0,0,3,-153
00:56:47.413,1,0,0,23140,65976.0,-1,4,-153
00:56:47.614,1,0,0,23530,65976.0,-1,4,-153
00:56:47.816,1,0,0,23918,65976.0,-1,4,-153
00:56:48.017,1,0,0,24308,65976.0,-1,4,-153
00:56:48.219,1,0,0,24308,65976.0,-1,4,-153
00:56:48.420,1,0,0,24697,65976.0,-1,4,-153
00:56:48.622,1,0,0,25086,65976.0,-1,3,-152
00:56:48.824,1,0,0,25086,65976.0,-1,3,-152
00:56:49.026,1,0,0,25086,227454.0,-1,3,-152
00:56:49.227,1,0,0,25086,227454.0,-1,3,-152
00:56:49.429,1,0,0,26248,227454.0,-5,0,-153
00:56:49.631,1,0,0,26637,227454.0,-5,0,-153
00:56:49.832,1,0,0,27026,227454.0,-5,2,-153
00:56:50.034,1,0,0,27414,227454.0,-4,4,-153
00:56:50.235,1,0,0,27414,227454.0,-4,4,-153
00:56:50.437,1,0,0,27803,227454.0,-3,6,-152
00:56:50.638,1,0,0,28191,227454.0,-2,7,-152
00:56:50.840,1,0,0,28191,227454.0,-2,7,-152
00:56:51.042,1,0,0,28191,227454.0,-2,7,-152
00:56:51.244,1,0,0,28191,227454.0,-2,7,-152
00:56:51.446,1,0,0,29353,227454.0,0,7,-152
00:56:51.647,1,0,0,29741,227454.0,0,7,-152
00:56:51.849,1,0,0,30132,227454.0,0,6,-152
00:56:52.051,1,0,0,30520,147975.0,0,5,-152
00:56:52.253,1,0,0,30520,147975.0,0,5,-152
00:56:52.454,1,0,0,30909,147975.0,0,4,-153
00:56:52.656,1,0,0,31297,147975.0,0,3,-153
00:56:52.859,1,0,0,31297,147975.0,0,3,-153
00:56:53.062,1,0,0,31297,147975.0,0,3,-153
00:56:53.275,1,0,0,32457,147975.0,0,1,-153
00:56:53.477,1,0,0,32457,147975.0,0,1,-153
00:56:53.679,1,0,0,32846,147975.0,0,1,-153
00:56:53.882,1,0,0,33235,147975.0,0,0,-153
00:56:54.084,1,0,0,33623,147975.0,0,0,-153
00:56:54.285,1,0,0,34011,147975.0,0,0,-153
00:56:54.487,1,0,0,34011,147975.0,0,0,-153
00:56:54.689,1,0,0,34400,147975.0,0,0,-153
00:56:54.891,1,0,0,34400,147975.0,0,0,-153
00:56:55.095,1,0,0,34400,283517.0,0,0,-153
00:56:55.296,1,0,0,35565,283517.0,0,0,-153
00:56:55.498,1,0,0,35565,283517.0,0,0,-153
00:56:55.699,1,0,0,35954,283517.0,0,0,-153
00:56:55.901,1,0,0,36341,283517.0,0,0,-153
00:56:56.102,1,0,0,36728,283517.0,0,0,-153
00:56:56.305,1,0,0,37117,283517.0,0,0,-153
00:56:56.507,1,0,0,37117,283517.0,0,0,-153
00:56:56.709,1,0,0,37506,283517.0,0,0,-153
00:56:56.910,1,0,0,37506,283517.0,0,0,-153
00:56:57.112,1,0,0,37506,283517.0,0,0,-153
00:56:57.314,1,0,0,38670,283517.0,0,0,-153
00:56:57.515,1,0,0,38670,283517.0,0,0,-153
00:56:57.718,1,0,0,39062,283517.0,0,0,-153
00:56:57.922,1,0,0,39450,283517.0,0,0,-153
00:56:58.123,1,0,0,39839,163462.0,0,0,-153
00:56:58.325,1,0,0,40226,163462.0,0,0,-153
00:56:58.527,1,0,0,40614,163462.0,-1,0,-153
00:56:58.729,1,0,0,40614,163462.0,-1,0,-153
00:56:58.931,1,0,0,40614,163462.0,-1,0,-153
00:56:59.133,1,0,0,40614,163462.0,-1,0,-153
00:56:59.334,1,0,0,41778,163462.0,-1,1,-152
00:56:59.536,1,0,0,42167,163462.0,-1,1,-152
00:56:59.737,1,0,0,42167,163462.0,-1,1,-152
00:56:59.938,1,0,0,42555,163462.0,-1,1,-152
00:57:00.141,1,0,0,42943,163462.0,-1,1,-152
00:57:00.343,1,0,0,43332,163462.0,-1,1,-152
00:57:00.545,1,0,0,43720,163462.0,-1,1,-152
00:57:00.747,1,0,0,43720,163462.0,-1,1,-152
00:57:00.949,1,0,0,43720,17163.0,-1,1,-152
00:57:01.151,1,0,0,43720,17163.0,-1,1,-152
00:57:01.353,1,0,0,44865,17163.0,-5,-2,-138
00:57:01.555,1,0,0,45198,17163.0,-18,-16,-120
00:57:01.756,1,0,0,45198,17163.0,-18,-16,-120
00:57:01.958,1,0,0,45478,17163.0,-30,-32,-100
00:57:02.159,1,0,0,45716,17163.0,-32,-38,-82
00:57:02.362,1,0,0,45910,17163.0,-26,-36,-69
00:57:02.564,1,0,0,46072,17163.0,-16,-27,-57
00:57:02.778,1,0,0,46072,17163.0,-16,-27,-57
00:57:02.980,1,0,0,46072,17163.0,-16,-27,-57
00:57:03.184,1,0,0,46072,17163.0,-16,-27,-57
00:57:03.386,1,0,0,46423,17163.0,10,7,-37
00:57:03.587,1,0,0,46510,17163.0,16,17,-33
00:57:03.789,1,0,0,46593,17163.0,19,25,-34
00:57:03.992,1,0,0,46593,263152.0,19,25,-34
00:57:04.194,1,0,0,46678,263152.0,21,30,-34
00:57:04.396,1,0,0,46759,263152.0,21,30,-31
00:57:04.598,1,0,0,46829,263152.0,19,30,-26
00:57:04.800,1,0,0,46829,263152.0,19,30,-26
00:57:05.002,1,0,0,46829,263152.0,19,30,-26
00:57:05.204,1,0,0,46829,263152.0,19,30,-26
00:57:05.406,1,0,0,46910,263152.0,5,15,3
00:57:05.607,1,0,0,46893,263152.0,0,10,6
00:57:05.809,1,0,0,46878,263152.0,-2,11,2
00:57:06.010,1,0,0,46878,263152.0,-2,11,2
00:57:06.212,1,0,0,46869,263152.0,-1,18,0
00:57:06.414,1,0,0,46868,263152.0,1,28,-3
00:57:06.616,1,0,0,46871,263152.0,6,40,-4
00:57:06.818,1,0,0,46871,263152.0,6,40,-4
00:57:07.020,1,0,0,46871,10106.0,6,40,-4
00:57:07.222,1,0,0,46871,10106.0,6,40,-4
00:57:07.424,1,0,0,46882,10106.0,24,93,-2
00:57:07.626,1,0,0,46880,10106.0,32,113,0
00:57:07.828,1,0,0,46878,10106.0,39,135,-1
00:57:08.030,1,0,0,46876,10106.0,45,161,-1
00:57:08.232,1,0,0,46876,10106.0,45,161,-1
00:57:08.434,1,0,0,46876,10106.0,51,187,-2
00:57:08.636,1,0,0,46876,10106.0,59,214,-2
00:57:08.838,1,0,0,46876,10106.0,59,214,-2
00:57:09.040,1,0,0,46876,10106.0,59,214,-2
00:57:09.242,1,0,0,46876,10106.0,59,214,-2
00:57:09.444,1,0,0,46881,10106.0,79,302,-4
00:57:09.646,1,0,0,46888,10106.0,86,330,-5
00:57:09.848,1,0,0,46898,10106.0,93,356,-6
00:57:10.050,1,0,0,46908,202163.0,99,383,-6
00:57:10.252,1,0,0,46908,202163.0,99,383,-6
00:57:10.454,1,0,0,46924,202163.0,105,411,-11
00:57:10.656,1,0,0,46950,202163.0,111,439,-14
00:57:10.859,1,0,0,46950,202163.0,111,439,-14
00:57:11.062,1,0,0,46950,202163.0,111,439,-14
00:57:11.264,1,0,0,46950,202163.0,111,439,-14
00:57:11.467,1,0,0,47021,202163.0,126,519,-10
00:57:11.670,1,0,0,47046,202163.0,130,542,-12
00:57:11.872,1,0,0,47076,202163.0,134,561,-14
00:57:12.074,1,0,0,47107,202163.0,136,577,-12
00:57:12.276,1,0,0,47133,202163.0,139,594,-11
00:57:12.480,1,0,0,47133,202163.0,139,594,-11
00:57:12.683,1,0,0,47159,202163.0,141,607,-11
00:57:12.886,1,0,0,47159,202163.0,141,607,-11
00:57:13.088,1,0,0,47159,183839.0,141,607,-11
00:57:13.291,1,0,0,47234,183839.0,146,638,-11
00:57:13.493,1,0,0,47234,183839.0,146,638,-11
00:57:13.695,1,0,0,47264,183839.0,148,645,-13
00:57:13.898,1,0,0,47298,183839.0,149,650,-13
00:57:14.100,1,0,0,47331,183839.0,149,654,-13
00:57:14.302,1,0,0,47365,183839.0,148,654,-12
00:57:14.505,1,0,0,47365,183839.0,148,654,-12
00:57:14.707,1,0,0,47394,183839.0,149,656,-12
00:57:14.909,1,0,0,47394,183839.0,149,656,-12
00:57:15.111,1,0,0,47394,183839.0,149,656,-12
00:57:15.312,1,0,0,47476,183839.0,147,653,-7
00:57:15.514,1,0,0,47476,183839.0,147,653,-7
00:57:15.716,1,0,0,47496,183839.0,147,651,-9
00:57:15.918,1,0,0,47524,183839.0,146,644,-13
00:57:16.120,1,0,0,47556,126260.0,144,635,-12
00:57:16.322,1,0,0,47582,126260.0,142,625,-7
00:57:16.524,1,0,0,47596,126260.0,137,612,-5
00:57:16.726,1,0,0,47596,126260.0,137,612,-5
00:57:16.928,1,0,0,47596,126260.0,137,612,-5
00:57:17.130,1,0,0,47596,126260.0,137,612,-5
00:57:17.332,1,0,0,47629,126260.0,123,557,-4
00:57:17.534,1,0,0,47641,126260.0,118,534,-5
00:57:17.736,1,0,0,47641,126260.0,118,534,-5
00:57:17.937,1,0,0,47658,126260.0,112,511,-6
00:57:18.139,1,0,0,47678,126260.0,107,485,-7
00:57:18.341,1,0,0,47695,126260.0,99,458,-7
00:57:18.543,1,0,0,47712,126260.0,90,429,-5
00:57:18.746,1,0,0,47712,126260.0,90,429,-5
00:57:18.948,1,0,0,47712,126260.0,90,429,-5
00:57:19.150,1,0,0,47712,83695.0,90,429,-5
00:57:19.352,1,0,0,47750,83695.0,69,337,-2
00:57:19.554,1,0,0,47759,83695.0,62,308,-2
00:57:19.756,1,0,0,47759,83695.0,62,308,-2
00:57:19.958,1,0,0,47768,83695.0,56,280,-3
00:57:20.160,1,0,0,47778,83695.0,51,253,-2
00:57:20.363,1,0,0,47787,83695.0,46,225,-2
00:57:20.565,1,0,0,47796,83695.0,42,197,-2
00:57:20.767,1,0,0,47796,83695.0,42,197,-2
00:57:20.986,1,0,0,47796,83695.0,42,197,-2
00:57:21.189,1,0,0,47796,83695.0,42,197,-2
00:57:21.391,1,0,0,47815,83695.0,28,115,0
00:57:21.593,1,0,0,47817,83695.0,24,92,0
00:57:21.795,1,0,0,47820,83695.0,22,73,0
00:57:21.997,1,0,0,47820,83695.0,22,73,0
00:57:22.199,1,0,0,47824,128940.0,19,56,0
00:57:22.401,1,0,0,47827,128940.0,16,41,0
00:57:22.603,1,0,0,47830,128940.0,15,28,0
00:57:22.805,1,0,0,47830,128940.0,15,28,0
00:57:23.007,1,0,0,47830,128940.0,15,28,0
00:57:23.209,1,0,0,47830,128940.0,15,28,0
00:57:23.411,1,0,0,47837,128940.0,9,0,1
00:57:23.612,1,0,0,47837,128940.0,6,-6,1
00:57:23.814,1,0,0,47838,128940.0,6,-11,1
00:57:24.016,1,0,0,47838,128940.0,6,-11,1
00:57:24.218,1,0,0,47840,128940.0,5,-14,1
00:57:24.420,1,0,0,47841,128940.0,5,-14,0
00:57:24.622,1,0,0,47842,128940.0,3,-13,0
00:57:24.824,1,0,0,47842,128940.0,3,-13,0
00:57:25.026,0,1,0,47842,162882.0,3,-13,0
00:57:25.227,0,1,0,47842,162882.0,3,-13,0
00:57:25.429,0,1,0,47841,162882.0,3,-9,0
00:57:25.631,0,1,0,47843,162882.0,2,-9,-1
00:57:25.833,0,1,0,47855,162882.0,0,-9,-6
00:57:26.035,0,1,0,47884,162882.0,0,-8,-14
00:57:26.236,0,1,0,47884,162882.0,0,-8,-14
00:57:26.438,0,1,0,47933,162882.0,-1,-9,-22
00:57:26.640,0,1,0,48002,162882.0,-2,-9,-32
00:57:26.842,0,1,0,48002,162882.0,-2,-9,-32
00:57:27.044,0,1,0,48002,162882.0,-2,-9,-32
00:57:27.246,0,1,0,48002,162882.0,-2,-9,-32
00:57:27.448,0,1,0,48375,162882.0,-7,-8,-64
00:57:27.650,0,1,0,48553,162882.0,-8,-8,-74
00:57:27.852,0,1,0,48755,162882.0,-8,-8,-84
00:57:28.054,0,1,0,48982,75569.0,-8,-8,-94
00:57:28.255,0,1,0,48982,75569.0,-8,-8,-94
00:57:28.458,0,1,0,49233,75569.0,-9,-8,-102
00:57:28.660,0,1,0,49505,75569.0,-9,-8,-110
00:57:28.863,0,1,0,49505,75569.0,-9,-8,-110
00:57:29.065,0,1,0,49505,75569.0,-9,-8,-110
00:57:29.267,0,1,0,49505,75569.0,-9,-8,-110
00:57:29.469,0,1,0,50465,75569.0,-10,-7,-139
00:57:29.671,0,1,0,50831,75569.0,-11,-6,-145
00:57:29.873,0,1,0,51209,75569.0,-15,-5,-148
00:57:30.075,0,1,0,51591,75569.0,-21,-2,-149
00:57:30.280,0,1,0,51978,75569.0,-30,1,-149
00:57:30.482,0,1,0,51978,75569.0,-30,1,-149
00:57:30.684,0,1,0,52363,75569.0,-40,7,-149
00:57:30.888,0,1,0,52363,75569.0,-40,7,-149
00:57:31.091,0,1,0,52363,178022.0,-40,7,-149
00:57:31.297,0,1,0,52363,178022.0,-40,7,-149
00:57:31.504,0,1,0,53496,178022.0,-60,13,-145
00:57:31.705,0,1,0,53872,178022.0,-50,8,-147
00:57:31.907,0,1,0,54253,178022.0,-33,3,-149
00:57:32.109,0,1,0,54638,178022.0,-12,-2,-150
00:57:32.311,0,1,0,55025,178022.0,7,-6,-150
00:57:32.513,0,1,0,55025,178022.0,7,-6,-150
00:57:32.715,0,1,0,55412,178022.0,23,-11,-150
00:57:32.917,0,1,0,55412,178022.0,23,-11,-150
00:57:33.119,0,1,0,55412,178022.0,23,-11,-150
00:57:33.321,0,1,0,56572,178022.0,47,-18,-151
00:57:33.523,0,1,0,56572,178022.0,47,-18,-151
00:57:33.725,0,1,0,56960,178022.0,47,-19,-151
00:57:33.927,0,1,0,57350,178022.0,43,-20,-152
00:57:34.128,0,1,0,57743,39980.0,35,-19,-153
00:57:34.330,0,1,0,58135,39980.0,24,-18,-153
00:57:34.532,0,1,0,58526,39980.0,14,-14,-151
00:57:34.734,0,1,0,58526,39980.0,14,-14,-151
00:57:34.936,0,1,0,58526,39980.0,14,-14,-151
00:57:35.139,0,1,0,58526,39980.0,14,-14,-151
00:57:35.341,0,1,0,58526,39980.0,14,-14,-151
00:57:35.543,0,1,0,59845,39980.0,8,2,-151
00:57:35.744,0,1,0,60233,39980.0,9,3,-151
00:57:35.946,0,1,0,60621,39980.0,10,4,-151
00:57:36.148,0,1,0,61010,39980.0,10,4,-152
00:57:36.350,0,1,0,61010,39980.0,10,4,-152
00:57:36.552,0,1,0,61399,39980.0,10,3,-151
00:57:36.754,0,1,0,61784,39980.0,6,1,-150
00:57:36.956,0,1,0,61784,39980.0,6,1,-150
00:57:37.159,0,1,0,61784,93100.0,6,1,-150
00:57:37.361,0,1,0,61784,93100.0,6,1,-150
00:57:37.563,0,1,0,62932,93100.0,-12,-5,-149
00:57:37.765,0,1,0,63313,93100.0,-19,-2,-149
00:57:37.967,0,1,0,63694,93100.0,-26,1,-148
00:57:38.169,0,1,0,64074,93100.0,-31,5,-148
00:57:38.371,0,1,0,64074,93100.0,-31,5,-148
00:57:38.573,0,1,0,64454,93100.0,-35,9,-148
00:57:38.776,0,1,0,64834,93100.0,-36,12,-148
00:57:38.979,0,1,0,64834,93100.0,-36,12,-148
00:57:39.195,0,1,0,64834,93100.0,-36,12,-148
00:57:39.399,0,1,0,65979,93100.0,-30,14,-150
00:57:39.601,0,1,0,65979,93100.0,-30,14,-150
00:57:39.802,0,1,0,66362,93100.0,-27,13,-150
00:57:40.004,0,1,0,66750,93100.0,-23,11,-150
00:57:40.206,0,1,0,67134,12764.0,-19,9,-151
00:57:40.408,0,1,0,67522,12764.0,-15,8,-152
00:57:40.610,0,1,0,67522,12764.0,-15,8,-152
00:57:40.812,0,1,0,67911,12764.0,-12,6,-153
00:57:41.015,0,1,0,67911,12764.0,-12,6,-153
00:57:41.216,0,1,0,67911,12764.0,-12,6,-153
00:57:41.418,0,1,0,69078,12764.0,-6,3,-153
00:57:41.620,0,1,0,69078,12764.0,-6,3,-153
00:57:41.822,0,1,0,69469,12764.0,-5,2,-153
00:57:42.023,0,1,0,69858,12764.0,-3,1,-153
00:57:42.225,0,1,0,70248,12764.0,-1,1,-153
00:57:42.427,0,1,0,70638,12764.0,0,0,-153
00:57:42.628,0,1,0,70638,12764.0,0,0,-153
00:57:42.830,0,1,0,71031,12764.0,0,0,-153
00:57:43.032,0,1,0,71031,12764.0,0,0,-153
00:57:43.234,0,1,0,71031,51306.0,0,0,-153
00:57:43.436,0,1,0,72198,51306.0,1,0,-154
00:57:43.638,0,1,0,72590,51306.0,-1,1,-154
00:57:43.840,0,1,0,72590,51306.0,-1,1,-154
00:57:44.042,0,1,0,72982,51306.0,-7,3,-154
00:57:44.243,0,1,0,73374,51306.0,-15,6,-154
00:57:44.446,0,1,0,73765,51306.0,-25,11,-153
00:57:44.648,0,1,0,74154,51306.0,-35,15,-152
00:57:44.850,0,1,0,74154,51306.0,-35,15,-152
00:57:45.052,0,1,0,74154,51306.0,-35,15,-152
00:57:45.254,0,1,0,74154,51306.0,-35,15,-152
00:57:45.456,0,1,0,75298,51306.0,-30,6,-150
00:57:45.659,0,1,0,75683,51306.0,-14,1,-152
00:57:45.861,0,1,0,75683,51306.0,-14,1,-152
00:57:46.063,0,1,0,76070,51306.0,3,-4,-152
00:57:46.271,0,1,0,76458,117611.0,19,-9,-152
00:57:46.474,0,1,0,76846,117611.0,32,-13,-151
00:57:46.676,0,1,0,77228,117611.0,46,-18,-149
00:57:46.880,0,1,0,77228,117611.0,46,-18,-149
00:57:47.083,0,1,0,77228,117611.0,46,-18,-149
00:57:47.292,0,1,0,77228,117611.0,46,-18,-149
00:57:47.495,0,1,0,78324,117611.0,88,-40,-132
00:57:47.698,0,1,0,78646,117611.0,85,-44,-122
00:57:47.900,0,1,0,78943,117611.0,70,-38,-111
00:57:48.102,0,1,0,78943,117611.0,70,-38,-111
00:57:48.304,0,1,0,79213,117611.0,49,-28,-99
00:57:48.506,0,1,0,79452,117611.0,25,-15,-88
00:57:48.708,0,1,0,79662,117611.0,3,-3,-77
00:57:48.910,0,1,0,79662,117611.0,3,-3,-77
00:57:49.112,0,1,0,79662,159138.0,3,-3,-77
00:57:49.314,0,1,0,79662,159138.0,3,-3,-77
00:57:49.516,0,1,0,80190,159138.0,-39,20,-73
00:57:49.718,0,1,0,80387,159138.0,-45,23,-82
00:57:49.920,0,1,0,80603,159138.0,-47,24,-89
00:57:50.121,0,1,0,80603,159138.0,-47,24,-89
00:57:50.323,0,1,0,80835,159138.0,-46,22,-96
00:57:50.525,0,1,0,81090,159138.0,-43,20,-105
00:57:50.727,0,1,0,81365,159138.0,-39,17,-113
00:57:50.930,0,1,0,81365,159138.0,-39,17,-113
00:57:51.132,0,1,0,81365,159138.0,-39,17,-113
00:57:51.334,0,1,0,81365,159138.0,-39,17,-113
00:57:51.536,0,1,0,82311,159138.0,-23,6,-136
00:57:51.738,0,1,0,82664,159138.0,-18,3,-143
00:57:51.940,0,1,0,83034,159138.0,-14,1,-149
00:57:52.141,0,1,0,83422,3941.0,-12,0,-151
00:57:52.344,0,1,0,83422,3941.0,-12,0,-151
00:57:52.546,0,1,0,83808,3941.0,-13,0,-152
00:57:52.748,0,1,0,84195,3941.0,-17,1,-153
00:57:52.950,0,1,0,84195,3941.0,-17,1,-153
00:57:53.152,0,1,0,84195,3941.0,-17,1,-153
00:57:53.354,0,1,0,84195,3941.0,-17,1,-153
00:57:53.556,0,1,0,85350,3941.0,-39,12,-151
00:57:53.758,0,1,0,85733,3941.0,-46,15,-149
00:57:53.961,0,1,0,86111,3941.0,-47,12,-148
00:57:54.163,0,1,0,86489,3941.0,-37,7,-149
00:57:54.366,0,1,0,86489,3941.0,-37,7,-149
00:57:54.568,0,1,0,86870,3941.0,-20,1,-150
00:57:54.771,0,1,0,87255,3941.0,0,-3,-151
00:57:54.974,0,1,0,87255,3941.0,0,-3,-151
00:57:55.176,0,1,0,87255,118530.0,0,-3,-151
00:57:55.379,0,1,0,87255,118530.0,0,-3,-151
00:57:55.581,0,1,0,88419,118530.0,44,-15,-151
00:57:55.783,0,1,0,88805,118530.0,51,-18,-151
00:57:55.984,0,1,0,89191,118530.0,54,-20,-152
00:57:56.186,0,1,0,89578,118530.0,52,-22,-152
00:57:56.389,0,1,0,89578,118530.0,52,-22,-152
00:57:56.593,0,1,0,89969,118530.0,47,-23,-153
00:57:56.795,0,1,0,90361,118530.0,38,-23,-154
00:57:57.002,0,1,0,90361,118530.0,38,-23,-154
00:57:57.204,0,1,0,90361,118530.0,38,-23,-154
00:57:57.409,0,1,0,91534,118530.0,4,-9,-153
00:57:57.611,0,1,0,91534,118530.0,4,-9,-153
00:57:57.812,0,1,0,91926,118530.0,-3,0,-151
00:57:58.014,0,1,0,92311,118530.0,-6,9,-150
00:57:58.216,0,1,0,92695,252135.0,-7,13,-151
00:57:58.418,0,1,0,93080,252135.0,-5,15,-151
00:57:58.620,0,1,0,93080,252135.0,-5,15,-151
00:57:58.822,0,1,0,93466,252135.0,-2,14,-151
00:57:59.024,0,1,0,93466,252135.0,-2,14,-151
00:57:59.225,0,1,0,93466,252135.0,-2,14,-151
00:57:59.427,0,1,0,94623,252135.0,12,5,-152
00:57:59.630,0,1,0,94623,252135.0,12,5,-152
00:57:59.832,0,1,0,95012,252135.0,15,1,-152
00:58:00.033,0,1,0,95401,252135.0,17,-2,-153
00:58:00.235,0,1,0,95790,252135.0,17,-5,-153
00:58:00.437,0,1,0,96183,252135.0,16,-7,-153
00:58:00.641,0,1,0,96574,252135.0,13,-9,-153
00:58:00.843,0,1,0,96574,252135.0,13,-9,-153
00:58:01.045,0,1,0,96574,252135.0,13,-9,-153
00:58:01.247,0,1,0,96574,189187.0,13,-9,-153
00:58:01.449,0,1,0,97737,189187.0,3,-10,-153
00:58:01.651,0,1,0,98128,189187.0,-3,-9,-153
00:58:01.853,0,1,0,98128,189187.0,-3,-9,-153
00:58:02.055,0,1,0,98519,189187.0,-12,-6,-153
00:58:02.256,0,1,0,98910,189187.0,-23,-1,-153
00:58:02.458,0,1,0,99300,189187.0,-35,4,-152
00:58:02.661,0,1,0,99687,189187.0,-49,13,-151
00:58:02.864,0,1,0,99687,189187.0,-49,13,-151
00:58:03.066,0,1,0,99687,189187.0,-49,13,-151
00:58:03.268,0,1,0,99687,189187.0,-49,13,-151
00:58:03.471,0,1,0,100820,189187.0,-64,23,-148
00:58:03.674,0,1,0,101201,189187.0,-51,19,-151
00:58:03.876,0,1,0,101201,189187.0,-51,19,-151
00:58:04.078,0,1,0,101589,189187.0,-34,13,-153
00:58:04.281,0,1,0,101980,269384.0,-16,7,-154
00:58:04.483,0,1,0,102371,269384.0,0,1,-154
00:58:04.686,0,1,0,102763,269384.0,13,-3,-153
00:58:04.888,0,1,0,102763,269384.0,13,-3,-153
00:58:05.091,0,1,0,102763,269384.0,13,-3,-153
00:58:05.303,0,1,0,102763,269384.0,13,-3,-153
00:58:05.506,0,1,0,103929,269384.0,36,-18,-152
00:58:05.708,0,1,0,104321,269384.0,38,-21,-152
00:58:05.910,0,1,0,104709,269384.0,37,-23,-152
00:58:06.112,0,1,0,104709,269384.0,37,-23,-152
00:58:06.314,0,1,0,105096,269384.0,32,-24,-152
00:58:06.515,0,1,0,105482,269384.0,24,-24,-151
00:58:06.717,0,1,0,105867,269384.0,17,-23,-151
00:58:06.919,0,1,0,105867,269384.0,17,-23,-151
00:58:07.121,0,1,0,105867,269384.0,17,-23,-151
00:58:07.323,0,1,0,105867,41845.0,17,-23,-151
00:58:07.525,0,1,0,107020,41845.0,0,-16,-152
00:58:07.727,0,1,0,107409,41845.0,-7,-11,-153
00:58:07.929,0,1,0,107799,41845.0,-16,-6,-153
00:58:08.131,0,1,0,107799,41845.0,-16,-6,-153
00:58:08.333,0,1,0,108190,41845.0,-27,0,-153
00:58:08.535,0,1,0,108583,41845.0,-40,9,-152
00:58:08.737,0,1,0,108969,41845.0,-54,19,-150
00:58:08.939,0,1,0,108969,41845.0,-54,19,-150
00:58:09.140,0,1,0,108969,41845.0,-54,19,-150
00:58:09.342,0,1,0,108969,41845.0,-54,19,-150
00:58:09.544,0,1,0,110099,41845.0,-57,27,-149
00:58:09.746,0,1,0,110482,41845.0,-39,24,-151
00:58:09.948,0,1,0,110878,41845.0,-18,20,-153
00:58:10.150,0,1,0,111268,41845.0,1,15,-153
00:58:10.352,0,1,0,111268,158533.0,1,15,-153
00:58:10.554,0,1,0,111658,158533.0,18,10,-153
00:58:10.756,0,1,0,112048,158533.0,31,5,-152
00:58:10.958,0,1,0,112048,158533.0,31,5,-152
00:58:11.161,0,1,0,112048,158533.0,31,5,-152
00:58:11.365,0,1,0,112048,158533.0,31,5,-152
00:58:11.566,0,1,0,113201,158533.0,54,-11,-152
00:58:11.769,0,1,0,113590,158533.0,54,-15,-152
00:58:11.971,0,1,0,113978,158533.0,51,-19,-153
00:58:12.173,0,1,0,114368,158533.0,45,-22,-153
00:58:12.377,0,1,0,114368,158533.0,45,-22,-153
00:58:12.580,0,1,0,114767,158533.0,38,-22,-153
00:58:12.782,0,1,0,115158,158533.0,30,-19,-154
00:58:12.984,0,1,0,115158,158533.0,30,-19,-154
00:58:13.186,0,1,0,115158,77818.0,30,-19,-154
00:58:13.388,0,1,0,115158,77818.0,30,-19,-154
00:58:13.590,0,1,0,116323,77818.0,5,-1,-152
00:58:13.792,0,1,0,116710,77818.0,-2,2,-151
00:58:13.994,0,1,0,117095,77818.0,-9,4,-150
00:58:14.196,0,1,0,117478,77818.0,-15,5,-149
00:58:14.398,0,1,0,117857,77818.0,-21,5,-148
00:58:14.600,0,1,0,117857,77818.0,-21,5,-148
00:58:14.803,0,1,0,118235,77818.0,-26,6,-148
00:58:15.009,0,1,0,118235,77818.0,-26,6,-148
00:58:15.211,0,1,0,118235,77818.0,-26,6,-148
00:58:15.413,0,1,0,119372,77818.0,-33,8,-148
00:58:15.615,0,1,0,119372,77818.0,-33,8,-148
00:58:15.817,0,1,0,119750,77818.0,-32,8,-148
00:58:16.018,0,1,0,120129,77818.0,-30,7,-149
00:58:16.220,0,1,0,120507,260423.0,-27,6,-149
00:58:16.422,0,1,0,120888,260423.0,-24,5,-149
00:58:16.624,0,1,0,120888,260423.0,-24,5,-149
00:58:16.826,0,1,0,121268,260423.0,-20,3,-149
00:58:17.028,0,1,0,121268,260423.0,-20,3,-149
00:58:17.230,0,1,0,121268,260423.0,-20,3,-149
00:58:17.432,0,1,0,122406,260423.0,-9,0,-149
00:58:17.634,0,1,0,122406,260423.0,-9,0,-149
00:58:17.836,0,1,0,122786,260423.0,-6,0,-149
00:58:18.037,0,1,0,123170,260423.0,-4,-1,-149
00:58:18.239,0,1,0,123550,260423.0,-2,-2,-149
00:58:18.441,0,1,0,123930,260423.0,0,-2,-149
00:58:18.643,0,1,0,123930,260423.0,0,-2,-149
00:58:18.845,0,1,0,124310,260423.0,0,-2,-149
00:58:19.048,0,1,0,124310,260423.0,0,-2,-149
00:58:19.250,0,1,0,124310,270342.0,0,-2,-149
00:58:19.452,0,1,0,125444,270342.0,2,-3,-149
00:58:19.654,0,1,0,125826,270342.0,2,-3,-150
00:58:19.855,0,1,0,125826,270342.0,2,-3,-150
00:58:20.058,0,1,0,126208,270342.0,2,-3,-150
00:58:20.260,0,1,0,126590,270342.0,2,-2,-150
00:58:20.462,0,1,0,126971,270342.0,2,-2,-149
00:58:20.664,0,1,0,127355,270342.0,2,-2,-149
00:58:20.867,0,1,0,127355,270342.0,2,-2,-149
00:58:21.069,0,1,0,127355,270342.0,2,-2,-149
00:58:21.271,0,1,0,127355,270342.0,2,-2,-149
00:58:21.474,0,1,0,128489,270342.0,1,-2,-148
00:58:21.677,0,1,0,128868,270342.0,1,-2,-148
00:58:21.879,0,1,0,128868,270342.0,1,-2,-148
00:58:22.081,0,1,0,129245,270342.0,0,-2,-148
00:58:22.283,0,1,0,129623,98773.0,0,-2,-148
00:58:22.485,0,1,0,130001,98773.0,0,-2,-149
00:58:22.687,0,1,0,130383,98773.0,0,-1,-151
00:58:22.890,0,1,0,130383,98773.0,0,-1,-151
00:58:23.093,0,1,0,130383,98773.0,0,-1,-151
00:58:23.295,0,1,0,130383,98773.0,0,-1,-151
00:58:23.497,0,1,0,131545,98773.0,-2,0,-152
00:58:23.699,0,1,0,131932,98773.0,-1,0,-152
00:58:23.902,0,1,0,132319,98773.0,0,0,-152
00:58:24.104,0,1,0,132319,98773.0,0,0,-152
00:58:24.305,0,1,0,132706,98773.0,1,-1,-151
00:58:24.508,0,1,0,133091,98773.0,1,-2,-151
00:58:24.710,0,1,0,133475,98773.0,2,-3,-151
00:58:24.913,0,1,0,133475,98773.0,2,-3,-151
00:58:25.115,0,1,0,133475,98773.0,2,-3,-151
00:58:25.317,0,1,0,133475,138274.0,2,-3,-151
00:58:25.519,0,1,0,134624,138274.0,0,-2,-149
00:58:25.721,0,1,0,134998,138274.0,0,-2,-145
00:58:25.923,0,1,0,135366,138274.0,0,-2,-144
00:58:26.125,0,1,0,135366,138274.0,0,-2,-144
00:58:26.326,0,1,0,135737,138274.0,-1,-1,-144
00:58:26.528,0,1,0,136106,138274.0,-1,-1,-145
00:58:26.730,0,1,0,136476,138274.0,-1,-1,-145
00:58:26.932,0,1,0,136476,138274.0,-1,-1,-145
00:58:27.134,0,1,0,136476,138274.0,-1,-1,-145
00:58:27.336,0,1,0,136476,138274.0,-1,-1,-145
00:58:27.538,0,1,0,137592,138274.0,-2,-1,-147
00:58:27.740,0,1,0,137968,138274.0,-1,-1,-148
00:58:27.941,0,1,0,138345,138274.0,-1,-1,-148
00:58:28.143,0,1,0,138345,138274.0,-1,-1,-148
00:58:28.345,0,1,0,138723,100635.0,-1,-1,-148
00:58:28.547,0,1,0,139102,100635.0,-1,-1,-149
00:58:28.749,0,1,0,139481,100635.0,-1,-1,-149
00:58:28.951,0,1,0,139481,100635.0,-1,-1,-149
00:58:29.152,0,1,0,139481,100635.0,-1,-1,-149
00:58:29.354,0,1,0,139481,100635.0,-1,-1,-149
00:58:29.556,0,1,0,140623,100635.0,-1,-1,-149
00:58:29.758,0,1,0,141002,100635.0,-1,-1,-148
00:58:29.960,0,1,0,141381,100635.0,-1,-1,-148
00:58:30.162,0,1,0,141765,100635.0,-1,-1,-148
00:58:30.365,0,1,0,141765,100635.0,-1,-1,-148
00:58:30.567,0,1,0,142143,100635.0,-1,-1,-148
00:58:30.769,0,1,0,142521,100635.0,-1,-1,-148
00:58:30.971,0,1,0,142521,100635.0,-1,-1,-148
00:58:31.173,0,1,0,142521,100635.0,-1,-1,-148
00:58:31.376,0,1,0,142521,176862.0,-1,-1,-148
00:58:31.578,0,1,0,143642,176862.0,-1,-1,-148
00:58:31.780,0,1,0,144025,176862.0,-2,-1,-151
00:58:31.982,0,1,0,144412,176862.0,-5,0,-152
00:58:32.184,0,1,0,144799,176862.0,-8,0,-152
00:58:32.386,0,1,0,144799,176862.0,-8,0,-152
00:58:32.588,0,1,0,145186,176862.0,-9,1,-152
00:58:32.790,0,1,0,145573,176862.0,-9,1,-152
00:58:32.992,0,1,0,145573,176862.0,-9,1,-152
00:58:33.194,0,1,0,145573,176862.0,-9,1,-152
00:58:33.396,0,1,0,145573,176862.0,-9,1,-152
00:58:33.598,0,1,0,146735,176862.0,0,0,-152
00:58:33.800,0,1,0,147123,176862.0,3,0,-152
00:58:34.002,0,1,0,147511,176862.0,7,-1,-152
00:58:34.204,0,1,0,147898,176862.0,9,-3,-152
00:58:34.407,0,1,0,148283,264527.0,9,-5,-151
00:58:34.609,0,1,0,148283,264527.0,9,-5,-151
00:58:34.811,0,1,0,148666,264527.0,9,-8,-149
00:58:35.013,0,1,0,148666,264527.0,9,-8,-149
00:58:35.215,0,1,0,148666,264527.0,9,-8,-149
00:58:35.416,0,1,0,149796,264527.0,3,-7,-147
00:58:35.618,0,1,0,149796,264527.0,3,-7,-147
00:58:35.820,0,1,0,150180,264527.0,1,-6,-147
00:58:36.021,0,1,0,150557,264527.0,-1,-4,-148
00:58:36.223,0,1,0,150934,264527.0,-3,-2,-148
00:58:36.425,0,1,0,151313,264527.0,-4,0,-149
00:58:36.627,0,1,0,151313,264527.0,-4,0,-149
00:58:36.829,0,1,0,151693,264527.0,-5,0,-149
00:58:37.031,0,1,0,151693,264527.0,-5,0,-149
00:58:37.233,0,1,0,151693,264527.0,-5,0,-149
00:58:37.435,0,1,0,152838,79542.0,-6,1,-151
00:58:37.637,0,1,0,152838,79542.0,-6,1,-151
00:58:37.839,0,1,0,153224,79542.0,-7,2,-152
00:58:38.042,0,1,0,153613,79542.0,-11,3,-153
00:58:38.244,0,1,0,154004,79542.0,-17,6,-153
00:58:38.446,0,1,0,154398,79542.0,-25,10,-153
00:58:38.648,0,1,0,154398,79542.0,-25,10,-153
00:58:38.850,0,1,0,154787,79542.0,-34,16,-152
00:58:39.052,0,1,0,154787,79542.0,-34,16,-152
00:58:39.254,0,1,0,154787,79542.0,-34,16,-152
00:58:39.456,0,1,0,155929,79542.0,-50,17,-148
00:58:39.658,0,1,0,155929,79542.0,-50,17,-148
00:58:39.863,0,1,0,156309,79542.0,-39,10,-150
00:58:40.066,0,1,0,156694,79542.0,-21,3,-151
00:58:40.268,0,1,0,157080,79542.0,-1,-3,-152
00:58:40.470,0,1,0,157468,42356.0,17,-9,-152
00:58:40.672,0,1,0,157854,42356.0,33,-15,-150
00:58:40.874,0,1,0,157854,42356.0,33,-15,-150
00:58:41.076,0,1,0,157854,42356.0,33,-15,-150
00:58:41.279,0,1,0,157854,42356.0,33,-15,-150
00:58:41.482,0,1,0,158995,42356.0,74,-32,-149
00:58:41.683,0,1,0,159376,42356.0,79,-37,-150
00:58:41.885,0,1,0,159376,42356.0,79,-37,-150
00:58:42.087,0,1,0,159760,42356.0,79,-41,-151
00:58:42.289,0,1,0,160147,42356.0,73,-44,-152
00:58:42.491,0,1,0,160537,42356.0,64,-47,-153
00:58:42.693,0,1,0,160928,42356.0,48,-45,-154
00:58:42.895,0,1,0,160928,42356.0,48,-45,-154
00:58:43.097,0,1,0,160928,42356.0,48,-45,-154
00:58:43.300,0,1,0,160928,42356.0,48,-45,-154
00:58:43.501,0,1,0,162097,128500.0,-17,2,-151
00:58:43.704,0,1,0,162484,128500.0,-38,26,-149
00:58:43.907,0,1,0,162484,128500.0,-38,26,-149
00:58:44.109,0,1,0,162860,128500.0,-57,50,-145
00:58:44.311,0,1,0,163226,128500.0,-73,68,-142
00:58:44.513,0,1,0,163588,128500.0,-84,76,-142
00:58:44.715,0,1,0,163954,128500.0,-88,76,-144
00:58:44.927,0,1,0,163954,128500.0,-88,76,-144
00:58:45.129,0,1,0,163954,128500.0,-88,76,-144
00:58:45.331,0,1,0,163954,128500.0,-88,76,-144
00:58:45.533,0,1,0,165089,128500.0,-46,39,-154
00:58:45.735,0,1,0,165485,128500.0,-22,21,-155
00:58:45.936,0,1,0,165881,128500.0,0,2,-155
00:58:46.138,0,1,0,165881,128500.0,0,2,-155
00:58:46.340,0,1,0,166272,288415.0,19,-15,-153
00:58:46.542,0,1,0,166664,288415.0,35,-30,-151
00:58:46.745,0,1,0,167049,288415.0,46,-43,-150
00:58:46.947,0,1,0,167049,288415.0,46,-43,-150
00:58:47.149,0,1,0,167049,288415.0,46,-43,-150
00:58:47.351,0,1,0,167049,288415.0,46,-43,-150
00:58:47.553,0,1,0,168192,288415.0,53,-70,-151
00:58:47.755,0,1,0,168577,288415.0,47,-74,-152
00:58:47.957,0,1,0,168966,288415.0,36,-75,-153
00:58:48.158,0,1,0,168966,288415.0,36,-75,-153
00:58:48.365,0,1,0,169357,288415.0,23,-74,-154
00:58:48.567,0,1,0,169750,288415.0,7,-69,-154
00:58:48.769,0,1,0,170144,288415.0,-11,-60,-154
00:58:48.972,0,1,0,170144,288415.0,-11,-60,-154
00:58:49.174,0,1,0,170144,288415.0,-11,-60,-154
00:58:49.377,0,1,0,170144,125437.0,-11,-60,-154
00:58:49.579,0,1,0,171314,125437.0,-53,-3,-151
00:58:49.781,0,1,0,171699,125437.0,-60,25,-149
00:58:49.983,0,1,0,172076,125437.0,-63,56,-146
00:58:50.186,0,1,0,172445,125437.0,-61,89,-143
00:58:50.388,0,1,0,172445,125437.0,-61,89,-143
00:58:50.590,0,1,0,172804,125437.0,-58,123,-137
00:58:50.792,0,1,0,173154,125437.0,-46,147,-133
00:58:50.995,0,1,0,173154,125437.0,-46,147,-133
00:58:51.197,0,1,0,173154,125437.0,-46,147,-133
00:58:51.399,0,1,0,173154,125437.0,-46,147,-133
00:58:51.601,0,1,0,174233,125437.0,38,102,-151
00:58:51.804,0,1,0,174622,125437.0,56,61,-154
00:58:52.006,0,1,0,175015,125437.0,65,20,-154
00:58:52.208,0,1,0,175406,125437.0,66,-21,-152
00:58:52.411,0,1,0,175788,56570.0,62,-59,-148
00:58:52.613,0,1,0,175788,56570.0,62,-59,-148
00:58:52.815,0,1,0,176161,56570.0,53,-95,-144
00:58:53.018,0,1,0,176161,56570.0,53,-95,-144
00:58:53.220,0,1,0,176161,56570.0,53,-95,-144
00:58:53.422,0,1,0,177216,56570.0,-4,-161,-131
00:58:53.624,0,1,0,177216,56570.0,-4,-161,-131
00:58:53.826,0,1,0,177562,56570.0,-23,-147,-140
00:58:54.027,0,1,0,177934,56570.0,-32,-115,-151
00:58:54.229,0,1,0,178329,56570.0,-35,-73,-158
00:58:54.432,0,1,0,178731,56570.0,-35,-28,-158
00:58:54.634,0,1,0,178731,56570.0,-35,-28,-158
00:58:54.836,0,1,0,179130,56570.0,-35,19,-154
00:58:55.038,0,1,0,179130,56570.0,-35,19,-154
00:58:55.240,0,1,0,179130,56570.0,-35,19,-154
00:58:55.442,0,1,0,180205,58158.0,-19,153,-123
00:58:55.643,0,1,0,180205,58158.0,-19,153,-123
00:58:55.846,0,1,0,180518,58158.0,0,167,-124
00:58:56.048,0,1,0,180861,58158.0,20,159,-138
00:58:56.250,0,1,0,181227,58158.0,37,143,-148
00:58:56.452,0,1,0,181610,58158.0,51,126,-153
00:58:56.654,0,1,0,181610,58158.0,51,126,-153
00:58:56.856,0,1,0,182001,58158.0,63,107,-154
00:58:57.058,0,1,0,182001,58158.0,63,107,-154
00:58:57.260,0,1,0,182001,58158.0,63,107,-154
00:58:57.462,0,1,0,183173,58158.0,85,34,-152
00:58:57.664,0,1,0,183173,58158.0,85,34,-152
00:58:57.866,0,1,0,183558,58158.0,89,0,-149
00:58:58.067,0,1,0,183934,58158.0,90,-36,-144
00:58:58.269,0,1,0,184302,58158.0,83,-76,-143
00:58:58.471,0,1,0,184665,250238.0,66,-114,-141
00:58:58.673,0,1,0,185023,250238.0,44,-147,-137
00:58:58.877,0,1,0,185023,250238.0,44,-147,-137
00:58:59.081,0,1,0,185023,250238.0,44,-147,-137
00:58:59.283,0,1,0,185023,250238.0,44,-147,-137
00:58:59.485,0,1,0,186045,250238.0,-38,-207,-132
00:58:59.686,0,1,0,186384,250238.0,-68,-212,-134
00:58:59.889,0,1,0,186384,250238.0,-68,-212,-134
00:59:00.091,0,1,0,186730,250238.0,-97,-205,-137
00:59:00.294,0,1,0,187086,250238.0,-126,-187,-141
00:59:00.496,0,1,0,187451,250238.0,-153,-159,-145
00:59:00.698,0,1,0,187825,250238.0,-178,-122,-147
00:59:00.901,0,1,0,187825,250238.0,-178,-122,-147
00:59:01.103,0,1,0,187825,250238.0,-178,-122,-147
00:59:01.305,0,1,0,187825,250238.0,-178,-122,-147
00:59:01.507,0,1,0,188924,208838.0,-225,35,-134
00:59:01.709,0,1,0,189256,208838.0,-219,101,-126
00:59:01.911,0,1,0,189256,208838.0,-219,101,-126
00:59:02.113,0,1,0,189568,208838.0,-200,169,-116
00:59:02.315,0,1,0,189862,208838.0,-170,224,-113
00:59:02.517,0,1,0,190149,208838.0,-134,271,-110
00:59:02.719,0,1,0,190429,208838.0,-94,306,-110
00:59:02.928,0,1,0,190429,208838.0,-94,306,-110
00:59:03.130,0,1,0,190429,208838.0,-94,306,-110
00:59:03.332,0,1,0,190429,208838.0,-94,306,-110
00:59:03.533,0,1,0,191327,208838.0,44,329,-128
00:59:03.735,0,1,0,191661,208838.0,88,313,-135
00:59:03.937,0,1,0,192013,208838.0,125,286,-143
00:59:04.139,0,1,0,192013,208838.0,125,286,-143
00:59:04.341,0,1,0,192386,208838.0,158,252,-149
00:59:04.543,0,1,0,192770,210309.0,182,211,-154
00:59:04.745,0,1,0,193167,210309.0,198,164,-158
00:59:04.947,0,1,0,193167,210309.0,198,164,-158
00:59:05.149,0,1,0,193167,210309.0,198,164,-158
00:59:05.351,0,1,0,193167,210309.0,198,164,-158
00:59:05.555,0,1,0,194381,210309.0,191,-5,-157
00:59:05.757,0,1,0,194776,210309.0,172,-64,-149
00:59:05.959,0,1,0,195141,210309.0,150,-126,-135
00:59:06.161,0,1,0,195141,210309.0,150,-126,-135
00:59:06.367,0,1,0,195462,210309.0,128,-190,-115
00:59:06.569,0,1,0,195737,210309.0,93,-256,-98
00:59:06.771,0,1,0,195971,210309.0,44,-315,-83
00:59:06.974,0,1,0,195971,210309.0,44,-315,-83
00:59:07.176,0,1,0,195971,210309.0,44,-315,-83
00:59:07.380,0,1,0,195971,210309.0,44,-315,-83
00:59:07.582,0,1,0,196491,33362.0,-129,-425,-54
00:59:07.784,0,1,0,196634,33362.0,-183,-435,-58
00:59:07.985,0,1,0,196813,33362.0,-223,-425,-81
00:59:08.187,0,1,0,197058,33362.0,-252,-395,-110
00:59:08.389,0,1,0,197058,33362.0,-252,-395,-110
00:59:08.592,0,1,0,197376,33362.0,-274,-348,-137
00:59:08.794,0,1,0,197750,33362.0,-288,-291,-155
00:59:08.996,0,1,0,197750,33362.0,-288,-291,-155
00:59:09.198,0,1,0,197750,33362.0,-288,-291,-155
00:59:09.400,0,1,0,197750,33362.0,-288,-291,-155
00:59:09.603,0,1,0,199032,33362.0,-261,-121,-173
00:59:09.805,0,1,0,199473,33362.0,-219,-81,-168
00:59:10.006,0,1,0,199890,33362.0,-137,-74,-151
00:59:10.208,0,1,0,200230,33362.0,-24,-94,-111
00:59:10.410,0,1,0,200230,180286.0,-24,-94,-111
00:59:10.612,0,1,0,200470,180286.0,95,-93,-73
00:59:10.814,0,1,0,200624,180286.0,177,-79,-45
00:59:11.016,0,1,0,200624,180286.0,177,-79,-45
00:59:11.218,0,1,0,200624,180286.0,177,-79,-45
00:59:11.433,0,1,0,200869,180286.0,204,-100,-21
00:59:11.635,0,1,0,200869,180286.0,204,-100,-21
00:59:11.836,0,1,0,200917,180286.0,170,-122,-14
00:59:12.038,0,1,0,200940,180286.0,126,-147,0
00:59:12.240,0,1,0,200931,180286.0,78,-180,8
00:59:12.442,0,1,0,200907,180286.0,29,-219,10
00:59:12.644,0,1,0,200907,180286.0,29,-219,10
00:59:12.847,0,1,0,200884,180286.0,-16,-263,6
00:59:13.049,0,1,0,200884,180286.0,-16,-263,6
00:59:13.251,0,1,0,200884,180286.0,-16,-263,6
00:59:13.453,0,1,0,200879,224420.0,-108,-394,-2
00:59:13.654,0,1,0,200879,224420.0,-108,-394,-2
00:59:13.856,0,1,0,200882,224420.0,-126,-434,1
00:59:14.058,0,1,0,200875,224420.0,-138,-472,2
00:59:14.260,0,1,0,200872,224420.0,-147,-504,0
00:59:14.463,0,1,0,200877,224420.0,-151,-531,-4
00:59:14.666,0,1,0,200877,224420.0,-151,-531,-4
00:59:14.868,0,1,0,200890,224420.0,-151,-552,-6
00:59:15.070,0,1,0,200890,224420.0,-151,-552,-6
00:59:15.272,0,1,0,200890,224420.0,-151,-552,-6
00:59:15.474,0,1,0,200931,224420.0,-149,-599,-6
00:59:15.676,0,1,0,200942,224420.0,-148,-612,-5
00:59:15.880,0,1,0,200942,224420.0,-148,-612,-5
00:59:16.083,0,1,0,200953,224420.0,-147,-622,-4
00:59:16.285,0,1,0,200962,224420.0,-146,-629,-4
00:59:16.487,0,1,0,200969,98983.0,-146,-634,-4
00:59:16.689,0,1,0,200976,98983.0,-145,-639,-3
00:59:16.891,0,1,0,200976,98983.0,-145,-639,-3
00:59:17.094,0,1,0,200976,98983.0,-145,-639,-3
00:59:17.296,0,1,0,200976,98983.0,-145,-639,-3
00:59:17.498,0,1,0,200991,98983.0,-144,-642,-3
00:59:17.700,0,1,0,200996,98983.0,-144,-640,-2
00:59:17.902,0,1,0,200996,98983.0,-144,-640,-2
00:59:18.104,0,1,0,200995,98983.0,-144,-639,0
00:59:18.306,0,1,0,200988,98983.0,-144,-639,1
00:59:18.508,0,1,0,200985,98983.0,-144,-637,-1
00:59:18.710,0,1,0,200990,98983.0,-143,-630,-4
00:59:18.912,0,1,0,200990,98983.0,-143,-630,-4
00:59:19.114,0,1,0,200990,98983.0,-143,-630,-4
00:59:19.316,0,1,0,200990,98983.0,-143,-630,-4
00:59:19.518,0,1,0,201015,164124.0,-136,-597,-5
00:59:19.720,0,1,0,201022,164124.0,-133,-581,-4
00:59:19.922,0,1,0,201022,164124.0,-133,-581,-4
00:59:20.124,0,1,0,201023,164124.0,-129,-564,0
00:59:20.326,0,1,0,201018,164124.0,-123,-544,0
00:59:20.527,0,1,0,201011,164124.0,-119,-522,1
00:59:20.730,0,1,0,201004,164124.0,-114,-498,0
00:59:20.938,0,1,0,201004,164124.0,-114,-498,0
00:59:21.141,0,1,0,201004,164124.0,-114,-498,0
00:59:21.342,0,1,0,201004,164124.0,-114,-498,0
00:59:21.545,0,1,0,200981,164124.0,-94,-422,1
00:59:21.747,0,1,0,200975,164124.0,-87,-393,0
00:59:21.949,0,1,0,200969,164124.0,-81,-362,0
00:59:22.151,0,1,0,200969,164124.0,-81,-362,0
00:59:22.353,0,1,0,200961,164124.0,-74,-334,1
00:59:22.555,0,1,0,200952,30810.0,-66,-307,1
00:59:22.757,0,1,0,200946,30810.0,-60,-281,0
00:59:22.959,0,1,0,200946,30810.0,-60,-281,0
00:59:23.163,0,1,0,200946,30810.0,-60,-281,0
00:59:23.367,0,1,0,200946,30810.0,-60,-281,0
00:59:23.569,0,1,0,200936,30810.0,-43,-203,-1
00:59:23.771,0,1,0,200935,30810.0,-36,-177,-1
00:59:23.973,0,1,0,200935,30810.0,-29,-150,-1
00:59:24.176,0,1,0,200935,30810.0,-24,-125,-2
00:59:24.379,0,1,0,200935,30810.0,-24,-125,-2
00:59:24.582,0,1,0,200935,30810.0,-20,-103,-1
00:59:24.784,0,1,0,200934,30810.0,-16,-84,-1
00:59:24.985,0,1,0,200934,30810.0,-16,-84,-1
00:59:25.187,0,1,0,200934,30810.0,-16,-84,-1
00:59:25.389,0,1,0,200934,30810.0,-16,-84,-1
00:59:25.591,0,1,0,200935,136041.0,-7,-40,-1
00:59:25.794,0,1,0,200935,136041.0,-5,-28,-2
00:59:25.996,0,1,0,200937,136041.0,-3,-19,-2
00:59:26.198,0,1,0,200938,136041.0,-1,-12,-2
00:59:26.400,0,1,0,200938,136041.0,-1,-12,-2
00:59:26.602,0,1,0,200940,136041.0,0,-6,-2
00:59:26.804,0,1,0,200941,136041.0,0,-2,-2
00:59:27.006,0,1,0,200941,136041.0,0,-2,-2
00:59:27.208,0,1,0,200941,136041.0,0,-2,-2
00:59:27.410,0,1,0,200941,136041.0,0,-2,-2
00:59:27.612,0,1,0,200946,136041.0,5,-3,-2
00:59:27.814,0,1,0,200948,136041.0,4,-5,-2
00:59:28.015,0,1,0,200949,136041.0,4,-7,-1
00:59:28.217,0,1,0,200951,136041.0,5,-7,-1
00:59:28.419,0,1,0,200951,136041.0,5,-7,-1
00:59:28.621,0,1,0,200953,217885.0,7,-7,-1
00:59:28.823,0,1,0,200954,217885.0,8,-5,-1
00:59:29.038,0,1,0,200954,217885.0,8,-5,-1
00:59:29.242,0,1,0,200954,217885.0,8,-5,-1
00:59:29.444,0,1,0,200955,217885.0,9,-1,0
00:59:29.646,0,1,0,200955,217885.0,9,-1,0
00:59:29.848,0,1,0,200955,217885.0,10,0,0
00:59:30.049,0,1,0,200953,217885.0,10,0,0
00:59:30.251,0,1,0,200953,217885.0,9,0,0
00:59:30.453,0,1,0,200953,217885.0,9,1,0
00:59:30.655,0,1,0,200953,217885.0,9,1,0
00:59:30.857,0,1,0,200954,217885.0,8,1,0
00:59:31.059,0,1,0,200954,217885.0,8,1,0
00:59:31.261,0,1,0,200954,217885.0,8,1,0
00:59:31.463,0,1,0,200957,217885.0,5,1,0
00:59:31.664,0,1,0,200957,169178.0,5,1,0
00:59:31.866,0,1,0,200958,169178.0,4,1,0
00:59:32.068,0,1,0,200960,169178.0,3,1,0
00:59:32.269,0,1,0,200961,169178.0,2,1,0
00:59:32.471,0,1,0,200962,169178.0,1,1,0
00:59:32.673,0,1,0,200962,169178.0,1,1,0
00:59:32.877,0,1,0,200960,169178.0,0,1,2
00:59:33.079,0,1,0,200960,169178.0,0,1,2
00:59:33.282,0,1,0,200960,169178.0,0,1,2
00:59:33.483,0,1,0,200787,169178.0,1,-1,47
00:59:33.685,0,1,0,200651,169178.0,2,-1,62
00:59:33.886,0,1,0,200651,169178.0,2,-1,62
00:59:34.088,0,1,0,200477,169178.0,1,-2,75
00:59:34.290,0,1,0,200277,169178.0,2,-3,87
00:59:34.491,0,1,0,200037,47452.0,4,-4,98
00:59:34.694,0,1,0,199777,47452.0,4,-5,109
00:59:34.896,0,1,0,199777,47452.0,4,-5,109
00:59:35.097,0,1,0,199777,47452.0,4,-5,109
00:59:35.299,0,1,0,199777,47452.0,4,-5,109
00:59:35.501,0,1,0,198951,47452.0,7,-7,103
00:59:35.702,0,1,0,198687,47452.0,8,-8,99
00:59:35.904,0,1,0,198687,47452.0,8,-8,99
00:59:36.105,0,1,0,198430,47452.0,10,-8,99
00:59:36.307,0,1,0,198173,47452.0,12,-11,99
00:59:36.509,0,1,0,197919,47452.0,14,-12,102
00:59:36.711,0,1,0,197658,47452.0,15,-12,95
00:59:36.913,0,1,0,197658,47452.0,15,-12,95
00:59:37.115,0,1,0,197658,47452.0,15,-12,95
00:59:37.317,0,1,0,197658,47452.0,15,-12,95
00:59:37.518,0,1,0,196898,156356.0,19,-16,94
00:59:37.720,0,1,0,196653,156356.0,20,-17,92
00:59:37.922,0,1,0,196653,156356.0,20,-17,92
00:59:38.124,0,1,0,196433,156356.0,21,-18,84
00:59:38.325,0,1,0,196212,156356.0,23,-20,87
00:59:38.527,0,1,0,195983,156356.0,24,-21,90
00:59:38.729,0,1,0,195742,156356.0,25,-22,100
00:59:38.943,0,1,0,195742,156356.0,25,-22,100
00:59:39.145,0,1,0,195742,156356.0,25,-22,100
00:59:39.347,0,1,0,195742,156356.0,25,-22,100
00:59:39.549,0,1,0,194976,156356.0,25,-21,103
00:59:39.751,0,1,0,194725,156356.0,24,-21,100
00:59:39.954,0,1,0,194469,156356.0,23,-20,100
00:59:40.156,0,1,0,194469,156356.0,23,-20,100
00:59:40.357,0,1,0,194214,156356.0,22,-19,101
00:59:40.559,0,1,0,193957,209207.0,21,-18,101
00:59:40.761,0,1,0,193704,209207.0,19,-17,98
00:59:40.963,0,1,0,193704,209207.0,19,-17,98
00:59:41.165,0,1,0,193704,209207.0,19,-17,98
00:59:41.368,0,1,0,193704,209207.0,19,-17,98
00:59:41.569,0,1,0,192962,209207.0,12,-12,103
00:59:41.771,0,1,0,192705,209207.0,10,-10,99
00:59:41.972,0,1,0,192449,209207.0,8,-8,99
00:59:42.174,0,1,0,192449,209207.0,8,-8,99
00:59:42.377,0,1,0,192201,209207.0,5,-6,99
00:59:42.579,0,1,0,191937,209207.0,3,-4,106
00:59:42.781,0,1,0,191690,209207.0,0,-2,95
00:59:42.983,0,1,0,191690,209207.0,0,-2,95
00:59:43.186,0,1,0,191690,209207.0,0,-2,95
00:59:43.388,0,1,0,191690,209207.0,0,-2,95
00:59:43.590,0,1,0,190918,298357.0,-5,3,106
00:59:43.791,0,1,0,190664,298357.0,-8,5,103
00:59:43.993,0,1,0,190372,298357.0,-10,7,118
00:59:44.195,0,1,0,190083,298357.0,-11,8,112
00:59:44.397,0,1,0,190083,298357.0,-11,8,112
00:59:44.598,0,1,0,189799,298357.0,-11,8,110
00:59:44.800,0,1,0,189526,298357.0,-11,7,103
00:59:45.002,0,1,0,189526,298357.0,-11,7,103
00:59:45.204,0,1,0,189526,298357.0,-11,7,103
00:59:45.406,0,1,0,189526,298357.0,-11,7,103
00:59:45.607,0,1,0,188758,298357.0,-9,6,99
00:59:45.808,0,1,0,188505,298357.0,-8,5,101
00:59:46.010,0,1,0,188249,298357.0,-7,4,98
00:59:46.211,0,1,0,187996,298357.0,-6,2,99
00:59:46.413,0,1,0,187996,298357.0,-6,2,99
00:59:46.615,0,1,0,187746,288631.0,-4,1,102
00:59:46.816,0,1,0,187484,288631.0,-2,0,101
00:59:47.018,0,1,0,187484,288631.0,-2,0,101
00:59:47.220,0,1,0,187484,288631.0,-2,0,101
00:59:47.421,0,1,0,187484,288631.0,-2,0,101
00:59:47.623,0,1,0,186657,288631.0,0,-2,116
00:59:47.825,0,1,0,186398,288631.0,0,-4,102
00:59:48.027,0,1,0,186128,288631.0,0,-4,100
00:59:48.228,0,1,0,185874,288631.0,1,-4,103
00:59:48.430,0,1,0,185874,288631.0,1,-4,103
00:59:48.632,0,1,0,185617,288631.0,0,-4,96
00:59:48.834,0,1,0,185365,288631.0,0,-3,98
00:59:49.045,0,1,0,185365,288631.0,0,-3,98
00:59:49.247,0,1,0,185365,288631.0,0,-3,98
00:59:49.453,0,1,0,184596,288631.0,-7,3,103
00:59:49.655,0,1,0,184596,63311.0,-7,3,103
00:59:49.856,0,1,0,184339,63311.0,-10,6,97
00:59:50.058,0,1,0,184118,63311.0,-14,9,78
00:59:50.260,0,1,0,183907,63311.0,-16,11,85
00:59:50.462,0,1,0,183689,63311.0,-20,15,87
00:59:50.664,0,1,0,183689,63311.0,-20,15,87
00:59:50.866,0,1,0,183450,63311.0,-22,17,98
00:59:51.069,0,1,0,183450,63311.0,-22,17,98
00:59:51.271,0,1,0,183450,63311.0,-22,17,98
00:59:51.474,0,1,0,182686,63311.0,-24,18,104
00:59:51.677,0,1,0,182686,63311.0,-24,18,104
00:59:51.879,0,1,0,182429,63311.0,-24,18,97
00:59:52.081,0,1,0,182168,63311.0,-22,16,101
00:59:52.283,0,1,0,181914,63311.0,-21,14,100
00:59:52.485,0,1,0,181659,63311.0,-18,11,94
00:59:52.687,0,1,0,181408,284271.0,-16,10,101
00:59:52.889,0,1,0,181408,284271.0,-16,10,101
00:59:53.091,0,1,0,181408,284271.0,-16,10,101
00:59:53.293,0,1,0,181408,284271.0,-16,10,101
00:59:53.495,0,1,0,180711,284271.0,-7,2,95
00:59:53.698,0,1,0,180456,284271.0,-4,0,90
00:59:53.900,0,1,0,180456,284271.0,-4,0,90
00:59:54.101,0,1,0,180208,284271.0,-3,-1,99
00:59:54.303,0,1,0,179959,284271.0,0,-4,98
00:59:54.505,0,1,0,179686,284271.0,1,-4,100
00:59:54.707,0,1,0,179432,284271.0,2,-4,103
00:59:54.909,0,1,0,179432,284271.0,2,-4,103
00:59:55.111,0,1,0,179432,284271.0,2,-4,103
00:59:55.312,0,1,0,179432,284271.0,2,-4,103
00:59:55.514,0,1,0,178675,284271.0,8,-8,97
00:59:55.716,0,1,0,178413,152651.0,8,-8,96
00:59:55.917,0,1,0,178413,152651.0,8,-8,96
00:59:56.119,0,1,0,178142,152651.0,11,-10,116
00:59:56.320,0,1,0,177863,152651.0,13,-11,102
00:59:56.522,0,1,0,177583,152651.0,14,-12,101
00:59:56.724,0,1,0,177328,152651.0,16,-14,102
00:59:56.926,0,1,0,177328,152651.0,16,-14,102
00:59:57.128,0,1,0,177328,152651.0,16,-14,102
00:59:57.330,0,1,0,177328,152651.0,16,-14,102
00:59:57.531,0,1,0,176556,152651.0,19,-18,101
00:59:57.733,0,1,0,176305,152651.0,20,-19,91
00:59:57.935,0,1,0,176305,152651.0,20,-19,91
00:59:58.137,0,1,0,176053,152651.0,21,-19,100
00:59:58.339,0,1,0,175797,152651.0,20,-19,97
00:59:58.541,0,1,0,175535,152651.0,19,-18,98
00:59:58.743,0,1,0,175280,105404.0,18,-17,97
00:59:58.955,0,1,0,175280,105404.0,18,-17,97
00:59:59.157,0,1,0,175280,105404.0,18,-17,97
00:59:59.359,0,1,0,175280,105404.0,18,-17,97
00:59:59.561,0,1,0,174514,105404.0,13,-12,97
00:59:59.762,0,1,0,174255,105404.0,11,-10,102
00:59:59.965,0,1,0,173998,105404.0,8,-8,93
01:00:00.167,0,1,0,173998,105404.0,8,-8,93
01:00:00.369,0,1,0,173744,105404.0,7,-6,99
01:00:00.571,0,1,0,173493,105404.0,5,-5,96
01:00:00.773,0,1,0,173234,105404.0,3,-4,98
01:00:00.975,0,1,0,173234,105404.0,3,-4,98
01:00:01.177,0,1,0,173234,105404.0,3,-4,98
01:00:01.379,0,1,0,173234,105404.0,3,-4,98
01:00:01.581,0,1,0,172474,169186.0,0,0,96
01:00:01.782,0,1,0,172211,169186.0,-2,0,100
01:00:01.984,0,1,0,171925,169186.0,-4,2,116
01:00:02.186,0,1,0,171925,169186.0,-4,2,116
01:00:02.387,0,1,0,171614,169186.0,-6,4,117
01:00:02.589,0,1,0,171319,169186.0,-8,5,109
01:00:02.792,0,1,0,171034,169186.0,-10,7,109
01:00:02.994,0,1,0,171034,169186.0,-10,7,109
01:00:03.196,0,1,0,171034,169186.0,-10,7,109
01:00:03.399,0,1,0,171034,169186.0,-10,7,109
01:00:03.602,0,1,0,170240,169186.0,-11,8,99
01:00:03.803,0,1,0,169983,169186.0,-11,8,99
01:00:04.005,0,1,0,169725,169186.0,-11,8,99
01:00:04.206,0,1,0,169468,169186.0,-12,8,101
01:00:04.408,0,1,0,169468,169186.0,-12,8,101
01:00:04.610,0,1,0,169205,129982.0,-12,9,101
01:00:04.812,0,1,0,168951,129982.0,-11,8,96
01:00:05.014,0,1,0,168951,129982.0,-11,8,96
01:00:05.216,0,1,0,168951,129982.0,-11,8,96
01:00:05.418,0,1,0,168951,129982.0,-11,8,96
01:00:05.619,0,1,0,168396,129982.0,-10,7,71
01:00:05.821,0,1,0,168192,129982.0,-9,6,85
01:00:06.022,0,1,0,167965,129982.0,-9,5,92
01:00:06.224,0,1,0,167714,129982.0,-8,5,101
01:00:06.425,0,1,0,167714,129982.0,-8,5,101
01:00:06.627,0,1,0,167460,129982.0,-7,4,100
01:00:06.829,0,1,0,167199,129982.0,-6,2,102
01:00:07.030,0,1,0,167199,129982.0,-6,2,102
01:00:07.232,0,1,0,167199,129982.0,-6,2,102
01:00:07.434,0,1,0,167199,129982.0,-6,2,102
01:00:07.636,0,1,0,166428,225852.0,0,-2,93
01:00:07.837,0,1,0,166180,225852.0,0,-3,98
01:00:08.039,0,1,0,165928,225852.0,1,-4,99
01:00:08.240,0,1,0,165674,225852.0,3,-5,101
01:00:08.444,0,1,0,165415,225852.0,4,-6,98
01:00:08.647,0,1,0,165415,225852.0,4,-6,98
01:00:08.849,0,1,0,165165,225852.0,5,-6,99
01:00:09.056,0,1,0,165165,225852.0,5,-6,99
01:00:09.258,0,1,0,165165,225852.0,5,-6,99
01:00:09.460,0,1,0,164401,225852.0,7,-7,104
01:00:09.661,0,1,0,164401,225852.0,7,-7,104
01:00:09.863,0,1,0,164146,225852.0,7,-7,101
01:00:10.065,0,1,0,163891,225852.0,8,-7,107
01:00:10.268,0,1,0,163634,225852.0,9,-8,95
01:00:10.469,0,1,0,163382,225852.0,9,-8,103
01:00:10.672,0,1,0,163382,33490.0,9,-8,103
01:00:10.874,0,1,0,163127,33490.0,10,-8,99
01:00:11.076,0,1,0,163127,33490.0,10,-8,99
01:00:11.277,0,1,0,163127,33490.0,10,-8,99
01:00:11.479,0,1,0,162203,33490.0,8,-7,124
01:00:11.682,0,1,0,162203,33490.0,8,-7,124
01:00:11.884,0,1,0,161905,33490.0,7,-6,116
01:00:12.087,0,1,0,161630,33490.0,8,-7,109
01:00:12.289,0,1,0,161355,33490.0,9,-8,104
01:00:12.490,0,1,0,161097,33490.0,9,-9,103
01:00:12.692,0,1,0,161097,33490.0,9,-9,103
01:00:12.894,0,1,0,160830,33490.0,8,-9,107
01:00:13.096,0,1,0,160830,33490.0,8,-9,107
01:00:13.298,0,1,0,160830,33490.0,8,-9,107
01:00:13.500,0,1,0,160041,33490.0,4,-5,102
01:00:13.701,0,1,0,159792,101588.0,0,-2,100
01:00:13.904,0,1,0,159792,101588.0,0,-2,100
01:00:14.105,0,1,0,159574,101588.0,-3,1,71
01:00:14.307,0,1,0,159401,101588.0,-6,3,73
01:00:14.508,0,1,0,159216,101588.0,-9,6,77
01:00:14.710,0,1,0,159007,101588.0,-11,8,91
01:00:14.912,0,1,0,159007,101588.0,-11,8,91
01:00:15.113,0,1,0,159007,101588.0,-11,8,91
01:00:15.315,0,1,0,159007,101588.0,-11,8,91
01:00:15.517,0,1,0,158249,101588.0,-16,12,99
01:00:15.718,0,1,0,157994,101588.0,-16,13,105
01:00:15.920,0,1,0,157994,101588.0,-16,13,105
01:00:16.121,0,1,0,157742,101588.0,-16,12,99
01:00:16.323,0,1,0,157487,101588.0,-16,12,103
01:00:16.524,0,1,0,157234,101588.0,-15,11,102
01:00:16.726,0,1,0,156974,57558.0,-14,10,104
01:00:16.928,0,1,0,156974,57558.0,-14,10,104
01:00:17.129,0,1,0,156974,57558.0,-14,10,104
01:00:17.331,0,1,0,156974,57558.0,-14,10,104
01:00:17.533,0,1,0,156217,57558.0,-9,5,100
01:00:17.734,0,1,0,155967,57558.0,-7,3,100
01:00:17.936,0,1,0,155967,57558.0,-7,3,100
01:00:18.137,0,1,0,155716,57558.0,-5,1,98
01:00:18.339,0,1,0,155464,57558.0,-1,-1,102
01:00:18.540,0,1,0,155209,57558.0,0,-3,100
01:00:18.742,0,1,0,154950,57558.0,4,-6,102
01:00:18.944,0,1,0,154950,57558.0,4,-6,102
01:00:19.161,0,1,0,154950,57558.0,4,-6,102
01:00:19.363,0,1,0,154950,57558.0,4,-6,102
01:00:19.565,0,1,0,154190,57558.0,12,-13,99
01:00:19.767,0,1,0,153932,241476.0,14,-15,106
01:00:19.969,0,1,0,153663,241476.0,15,-16,111
01:00:20.171,0,1,0,153663,241476.0,15,-16,111
01:00:20.373,0,1,0,153381,241476.0,17,-17,112
01:00:20.576,0,1,0,153109,241476.0,19,-18,107
01:00:20.778,0,1,0,152848,241476.0,19,-19,99
01:00:20.981,0,1,0,152848,241476.0,19,-19,99
01:00:21.183,0,1,0,152848,241476.0,19,-19,99
01:00:21.385,0,1,0,152848,241476.0,19,-19,99
01:00:21.587,0,1,0,152091,241476.0,17,-17,102
01:00:21.789,0,1,0,151831,241476.0,16,-15,102
01:00:21.992,0,1,0,151574,241476.0,14,-13,100
01:00:22.194,0,1,0,151574,241476.0,14,-13,100
01:00:22.395,0,1,0,151321,241476.0,11,-11,102
01:00:22.597,0,1,0,151062,241476.0,9,-8,100
01:00:22.800,0,1,0,150801,171026.0,5,-5,102
01:00:23.002,0,1,0,150801,171026.0,5,-5,102
01:00:23.203,0,1,0,150801,171026.0,5,-5,102
01:00:23.405,0,1,0,150801,171026.0,5,-5,102
01:00:23.608,0,1,0,150104,171026.0,-1,1,93
01:00:23.809,0,1,0,149851,171026.0,-3,2,101
01:00:24.011,0,1,0,149600,171026.0,-5,3,102
01:00:24.212,0,1,0,149337,171026.0,-6,4,105
01:00:24.415,0,1,0,149337,171026.0,-6,4,105
01:00:24.616,0,1,0,149086,171026.0,-7,4,96
01:00:24.818,0,1,0,148833,171026.0,-9,5,102
01:00:25.020,0,1,0,148833,171026.0,-9,5,102
01:00:25.222,0,1,0,148833,171026.0,-9,5,102
01:00:25.423,0,1,0,148833,171026.0,-9,5,102
01:00:25.625,0,1,0,148070,171026.0,-12,7,102
01:00:25.827,0,1,0,147812,289084.0,-12,7,100
01:00:26.028,0,1,0,147537,289084.0,-13,8,121
01:00:26.230,0,1,0,147220,289084.0,-13,8,120
01:00:26.431,0,1,0,147220,289084.0,-13,8,120
01:00:26.633,0,1,0,146919,289084.0,-14,8,121
01:00:26.835,0,1,0,146625,289084.0,-14,8,109
01:00:27.037,0,1,0,146625,289084.0,-14,8,109
01:00:27.239,0,1,0,146625,289084.0,-14,8,109
01:00:27.440,0,1,0,146625,289084.0,-14,8,109
01:00:27.642,0,1,0,145815,289084.0,-12,6,102
01:00:27.844,0,1,0,145559,289084.0,-11,5,102
01:00:28.045,0,1,0,145301,289084.0,-9,4,102
01:00:28.247,0,1,0,145039,289084.0,-9,4,99
01:00:28.449,0,1,0,145039,289084.0,-9,4,99
01:00:28.660,0,1,0,144783,289084.0,-8,3,101
01:00:28.861,0,1,0,144531,184391.0,-7,3,101
01:00:29.066,0,1,0,144531,184391.0,-7,3,101
01:00:29.270,0,1,0,144531,184391.0,-7,3,101
01:00:29.472,0,1,0,143806,184391.0,-5,1,90
01:00:29.673,0,1,0,143806,184391.0,-5,1,90
01:00:29.875,0,1,0,143564,184391.0,-5,1,98
01:00:30.076,0,1,0,143312,184391.0,-4,1,97
01:00:30.278,0,1,0,143051,184391.0,-3,0,99
01:00:30.480,0,1,0,142788,184391.0,-2,0,104
01:00:30.683,0,1,0,142788,184391.0,-2,0,104
01:00:30.885,0,1,0,142537,184391.0,-1,0,95
01:00:31.087,0,1,0,142537,184391.0,-1,0,95
01:00:31.290,0,1,0,142537,184391.0,-1,0,95
01:00:31.492,0,1,0,141785,184391.0,0,-2,96
01:00:31.694,0,1,0,141785,19806.0,0,-2,96
01:00:31.895,0,1,0,141530,19806.0,0,-1,103
01:00:32.097,0,1,0,141284,19806.0,0,-1,89
01:00:32.299,0,1,0,141065,19806.0,-1,0,85
01:00:32.501,0,1,0,140840,19806.0,-2,0,89
01:00:32.703,0,1,0,140606,19806.0,-3,2,97
01:00:32.906,0,1,0,140606,19806.0,-3,2,97
01:00:33.108,0,1,0,140606,19806.0,-3,2,97
01:00:33.310,0,1,0,140606,19806.0,-3,2,97
01:00:33.512,0,1,0,139848,19806.0,-7,5,97
01:00:33.714,0,1,0,139590,19806.0,-8,6,101
01:00:33.916,0,1,0,139590,19806.0,-8,6,101
01:00:34.117,0,1,0,139336,19806.0,-8,7,100
01:00:34.318,0,1,0,139077,19806.0,-9,8,100
01:00:34.520,0,1,0,138822,19806.0,-10,8,99
01:00:34.722,0,1,0,138569,96330.0,-10,8,99
01:00:34.924,0,1,0,138569,96330.0,-10,8,99
01:00:35.125,0,1,0,138569,96330.0,-10,8,99
01:00:35.327,0,1,0,138569,96330.0,-10,8,99
01:00:35.529,0,1,0,137747,96330.0,-8,6,110
01:00:35.730,0,1,0,137478,96330.0,-9,6,101
01:00:35.932,0,1,0,137478,96330.0,-9,6,101
01:00:36.133,0,1,0,137219,96330.0,-8,5,103
01:00:36.335,0,1,0,136955,96330.0,-8,4,102
01:00:36.537,0,1,0,136692,96330.0,-7,3,103
01:00:36.738,0,1,0,136439,96330.0,-6,3,98
01:00:36.940,0,1,0,136439,96330.0,-6,3,98
01:00:37.142,0,1,0,136439,96330.0,-6,3,98
01:00:37.343,0,1,0,136439,96330.0,-6,3,98
01:00:37.545,0,1,0,135686,96330.0,-5,2,97
01:00:37.746,0,1,0,135431,251189.0,-5,2,102
01:00:37.948,0,1,0,135431,251189.0,-5,2,102
01:00:38.150,0,1,0,135182,251189.0,-5,3,83
01:00:38.352,0,1,0,134970,251189.0,-4,2,83
01:00:38.553,0,1,0,134753,251189.0,-3,2,86
01:00:38.755,0,1,0,134518,251189.0,-3,1,97
01:00:38.969,0,1,0,134518,251189.0,-3,1,97
01:00:39.171,0,1,0,134518,251189.0,-3,1,97
01:00:39.376,0,1,0,134518,251189.0,-3,1,97
01:00:39.578,0,1,0,133776,251189.0,-3,2,102
01:00:39.781,0,1,0,133520,251189.0,-3,1,102
01:00:39.983,0,1,0,133263,251189.0,-3,1,98
01:00:40.185,0,1,0,133263,251189.0,-3,1,98
01:00:40.388,0,1,0,133001,251189.0,-3,2,107
01:00:40.590,0,1,0,132751,251189.0,-2,1,95
01:00:40.791,0,1,0,132493,47811.0,-1,0,99
01:00:40.993,0,1,0,132493,47811.0,-1,0,99
01:00:41.195,0,1,0,132493,47811.0,-1,0,99
01:00:41.398,0,1,0,132493,47811.0,-1,0,99
01:00:41.600,0,1,0,131560,47811.0,-4,2,106
01:00:41.801,0,1,0,131560,47811.0,-4,2,106
01:00:42.004,0,1,0,131291,47811.0,-4,2,107
01:00:42.206,0,1,0,131033,47811.0,-5,2,94
01:00:42.408,0,1,0,130779,47811.0,-5,3,103
01:00:42.610,0,1,0,130528,47811.0,-6,4,94
01:00:42.814,0,1,0,130280,47811.0,-6,4,99
01:00:43.016,0,1,0,130280,47811.0,-6,4,99
01:00:43.218,0,1,0,130280,47811.0,-6,4,99
01:00:43.419,0,1,0,130280,47811.0,-6,4,99
01:00:43.621,0,1,0,129616,47811.0,-7,5,100
01:00:43.823,0,1,0,129362,103368.0,-7,5,100
01:00:44.024,0,1,0,129093,103368.0,-7,5,114
01:00:44.226,0,1,0,128801,103368.0,-7,5,109
01:00:44.428,0,1,0,128801,103368.0,-7,5,109
01:00:44.629,0,1,0,128507,103368.0,-7,5,114
01:00:44.831,0,1,0,128238,103368.0,-8,7,105
01:00:45.033,0,1,0,128238,103368.0,-8,7,105
01:00:45.234,0,1,0,128238,103368.0,-8,7,105
01:00:45.436,0,1,0,128238,103368.0,-8,7,105
01:00:45.638,0,1,0,127456,103368.0,-10,9,102
01:00:45.840,0,1,0,127183,103368.0,-9,9,105
01:00:46.042,0,1,0,126940,103368.0,-9,9,97
01:00:46.244,0,1,0,126686,103368.0,-9,9,101
01:00:46.445,0,1,0,126686,103368.0,-9,9,101
01:00:46.647,0,1,0,126432,103368.0,-7,7,101
01:00:46.849,0,1,0,126171,92303.0,-7,7,102
01:00:47.052,0,1,0,126171,92303.0,-7,7,102
01:00:47.253,0,1,0,126171,92303.0,-7,7,102
01:00:47.455,0,1,0,126171,92303.0,-7,7,102
01:00:47.658,0,1,0,125419,92303.0,-4,4,98
01:00:47.859,0,1,0,125164,92303.0,-3,3,102
01:00:48.060,0,1,0,124906,92303.0,-2,2,103
01:00:48.262,0,1,0,124653,92303.0,-1,1,101
01:00:48.465,0,1,0,124399,92303.0,-1,1,100
01:00:48.667,0,1,0,124399,92303.0,-1,1,100
01:00:48.869,0,1,0,124138,92303.0,-1,1,105
01:00:49.077,0,1,0,124138,92303.0,-1,1,105
01:00:49.279,0,1,0,124138,92303.0,-1,1,105
01:00:49.481,0,1,0,124138,92303.0,-1,1,105
01:00:49.683,0,1,0,123280,92303.0,-3,3,99
01:00:49.886,0,1,0,123022,96739.0,-4,4,101
01:00:50.087,0,1,0,122767,96739.0,-5,5,106
01:00:50.290,0,1,0,122767,96739.0,-5,5,106
01:00:50.491,0,1,0,122499,96739.0,-7,6,102
01:00:50.693,0,1,0,122234,96739.0,-8,7,107
01:00:50.895,0,1,0,121978,96739.0,-11,10,100
01:00:51.096,0,1,0,121978,96739.0,-11,10,100
01:00:51.298,0,1,0,121978,96739.0,-11,10,100
01:00:51.500,0,1,0,121978,96739.0,-11,10,100
01:00:51.703,0,1,0,121215,96739.0,-16,14,100
01:00:51.904,0,1,0,120963,96739.0,-18,17,103
01:00:52.106,0,1,0,120706,96739.0,-19,17,106
01:00:52.308,0,1,0,120706,96739.0,-19,17,106
01:00:52.510,0,1,0,120438,96739.0,-19,18,99
01:00:52.712,0,1,0,120187,96739.0,-20,18,103
01:00:52.913,0,1,0,119932,161540.0,-19,17,98
01:00:53.116,0,1,0,119932,161540.0,-19,17,98
01:00:53.318,0,1,0,119932,161540.0,-19,17,98
01:00:53.519,0,1,0,119932,161540.0,-19,17,98
01:00:53.721,0,1,0,119295,161540.0,-14,12,87
01:00:53.923,0,1,0,119076,161540.0,-13,11,95
01:00:54.124,0,1,0,118828,161540.0,-12,9,96
01:00:54.326,0,1,0,118582,161540.0,-10,7,106
01:00:54.528,0,1,0,118582,161540.0,-10,7,106
01:00:54.729,0,1,0,118323,161540.0,-8,6,102
01:00:54.931,0,1,0,118065,161540.0,-7,5,105
01:00:55.133,0,1,0,118065,161540.0,-7,5,105
01:00:55.334,0,1,0,118065,161540.0,-7,5,105
01:00:55.536,0,1,0,118065,161540.0,-7,5,105
01:00:55.741,0,1,0,117294,161540.0,-3,1,102
01:00:55.943,0,1,0,117046,184516.0,-2,1,101
01:00:56.145,0,1,0,116786,184516.0,-1,0,103
01:00:56.346,0,1,0,116528,184516.0,-1,1,102
01:00:56.548,0,1,0,116528,184516.0,-1,1,102
01:00:56.750,0,1,0,116269,184516.0,-1,0,105
01:00:56.953,0,1,0,116018,184516.0,-1,1,97
01:00:57.154,0,1,0,116018,184516.0,-1,1,97
01:00:57.356,0,1,0,116018,184516.0,-1,1,97
01:00:57.558,0,1,0,116018,184516.0,-1,1,97
01:00:57.760,0,1,0,115261,184516.0,-1,2,102
01:00:57.961,0,1,0,115000,184516.0,0,2,105
01:00:58.163,0,1,0,114748,184516.0,-1,2,98
01:00:58.364,0,1,0,114493,184516.0,0,2,100
01:00:58.567,0,1,0,114234,184516.0,0,1,105
01:00:58.770,0,1,0,114234,46894.0,0,1,105
01:00:58.972,0,1,0,113974,46894.0,1,0,100
01:00:59.176,0,1,0,113974,46894.0,1,0,100
01:00:59.379,0,1,0,113974,46894.0,1,0,100
01:00:59.588,0,1,0,113168,46894.0,2,-1,100
01:00:59.789,0,1,0,113168,46894.0,2,-1,100
01:00:59.991,0,1,0,112896,46894.0,2,-1,105
01:01:00.193,0,1,0,112637,46894.0,2,-1,98
01:01:00.394,0,1,0,112382,46894.0,2,-1,102
01:01:00.597,0,1,0,112121,46894.0,2,-1,97
01:01:00.799,0,1,0,112121,46894.0,2,-1,97
01:01:01.002,0,1,0,111863,46894.0,1,0,104
01:01:01.203,0,1,0,111863,46894.0,1,0,104
01:01:01.405,0,1,0,111863,46894.0,1,0,104
01:01:01.607,0,1,0,111103,46894.0,3,-2,100
01:01:01.810,0,1,0,111103,3570.0,3,-2,100
01:01:02.012,0,1,0,110847,3570.0,3,-2,98
01:01:02.214,0,1,0,110610,3570.0,3,-1,86
01:01:02.415,0,1,0,110390,3570.0,3,-1,88
01:01:02.617,0,1,0,110163,3570.0,2,0,86
01:01:02.819,0,1,0,109928,3570.0,1,0,97
01:01:03.020,0,1,0,109928,3570.0,1,0,97
01:01:03.222,0,1,0,109928,3570.0,1,0,97
01:01:03.424,0,1,0,109928,3570.0,1,0,97
01:01:03.625,0,1,0,109169,3570.0,0,1,100
01:01:03.827,0,1,0,108915,3570.0,0,2,99
01:01:04.028,0,1,0,108915,3570.0,0,2,99
01:01:04.229,0,1,0,108657,3570.0,0,2,98
01:01:04.431,0,1,0,108403,3570.0,-1,3,102
01:01:04.633,0,1,0,108148,3570.0,-2,4,100
01:01:04.835,0,1,0,107886,196899.0,-1,3,105
01:01:05.036,0,1,0,107886,196899.0,-1,3,105
01:01:05.238,0,1,0,107886,196899.0,-1,3,105
01:01:05.440,0,1,0,107886,196899.0,-1,3,105
01:01:05.641,0,1,0,106981,196899.0,-1,3,124
01:01:05.843,0,1,0,106680,196899.0,-1,3,113
01:01:06.045,0,1,0,106680,196899.0,-1,3,113
01:01:06.246,0,1,0,106397,196899.0,-1,3,107
01:01:06.448,0,1,0,106125,196899.0,0,2,103
01:01:06.650,0,1,0,105850,196899.0,0,2,103
01:01:06.852,0,1,0,105589,196899.0,0,2,101
01:01:07.054,0,1,0,105589,196899.0,0,2,101
01:01:07.256,0,1,0,105589,196899.0,0,2,101
01:01:07.457,0,1,0,105589,196899.0,0,2,101
01:01:07.659,0,1,0,104808,196899.0,2,0,95
01:01:07.862,0,1,0,104553,109361.0,3,0,100
01:01:08.064,0,1,0,104553,109361.0,3,0,100
01:01:08.265,0,1,0,104322,109361.0,5,-1,74
01:01:08.467,0,1,0,104131,109361.0,6,-2,75
01:01:08.669,0,1,0,103935,109361.0,8,-4,79
01:01:08.871,0,1,0,103720,109361.0,10,-5,88
01:01:09.077,0,1,0,103720,109361.0,10,-5,88
01:01:09.287,0,1,0,103720,109361.0,10,-5,88
01:01:09.489,0,1,0,103720,109361.0,10,-5,88
01:01:09.692,0,1,0,102989,109361.0,15,-9,100
01:01:09.894,0,1,0,102728,109361.0,16,-11,101
01:01:10.096,0,1,0,102470,109361.0,17,-11,99
01:01:10.297,0,1,0,102470,109361.0,17,-11,99
01:01:10.499,0,1,0,102213,109361.0,17,-11,100
01:01:10.701,0,1,0,101958,109361.0,16,-11,100
01:01:10.904,0,1,0,101704,130310.0,16,-10,100
01:01:11.106,0,1,0,101704,130310.0,16,-10,100
01:01:11.307,0,1,0,101704,130310.0,16,-10,100
01:01:11.509,0,1,0,101704,130310.0,16,-10,100
01:01:11.711,0,1,0,101009,130310.0,13,-9,90
01:01:11.913,0,1,0,100764,130310.0,12,-8,100
01:01:12.115,0,1,0,100513,130310.0,11,-7,96
01:01:12.317,0,1,0,100513,130310.0,11,-7,96
01:01:12.518,0,1,0,100259,130310.0,9,-6,98
01:01:12.720,0,1,0,100001,130310.0,7,-5,104
01:01:12.922,0,1,0,99747,130310.0,6,-4,97
01:01:13.123,0,1,0,99747,130310.0,6,-4,97
01:01:13.325,0,1,0,99747,130310.0,6,-4,97
01:01:13.527,0,1,0,99747,130310.0,6,-4,97
01:01:13.729,0,1,0,98983,130310.0,0,0,99
01:01:13.930,0,1,0,98734,6923.0,0,1,100
01:01:14.132,0,1,0,98470,6923.0,-2,2,112
01:01:14.333,0,1,0,98174,6923.0,-4,4,117
01:01:14.535,0,1,0,98174,6923.0,-4,4,117
01:01:14.736,0,1,0,97888,6923.0,-6,6,106
01:01:14.938,0,1,0,97615,6923.0,-8,7,105
01:01:15.140,0,1,0,97615,6923.0,-8,7,105
01:01:15.341,0,1,0,97615,6923.0,-8,7,105
01:01:15.543,0,1,0,97615,6923.0,-8,7,105
01:01:15.744,0,1,0,96839,6923.0,-13,12,95
01:01:15.946,0,1,0,96581,6923.0,-15,13,97
01:01:16.148,0,1,0,96333,6923.0,-15,13,101
01:01:16.350,0,1,0,96076,6923.0,-16,14,97
01:01:16.552,0,1,0,96076,6923.0,-16,14,97
01:01:16.754,0,1,0,95822,6923.0,-17,14,105
01:01:16.956,0,1,0,95562,252964.0,-17,15,97
01:01:17.158,0,1,0,95562,252964.0,-17,15,97
01:01:17.360,0,1,0,95562,252964.0,-17,15,97
01:01:17.562,0,1,0,95562,252964.0,-17,15,97
01:01:17.765,0,1,0,94871,252964.0,-16,14,90
01:01:17.966,0,1,0,94631,252964.0,-16,14,95
01:01:18.168,0,1,0,94384,252964.0,-15,13,97
01:01:18.371,0,1,0,94121,252964.0,-15,13,103
01:01:18.574,0,1,0,94121,252964.0,-15,13,103
01:01:18.776,0,1,0,93867,252964.0,-14,13,99
01:01:18.978,0,1,0,93609,252964.0,-13,12,104
01:01:19.189,0,1,0,93609,252964.0,-13,12,104
01:01:19.395,0,1,0,93609,252964.0,-13,12,104
01:01:19.599,0,1,0,92849,252964.0,-10,9,99
01:01:19.805,0,1,0,92849,252964.0,-10,9,99
01:01:20.008,0,1,0,92594,37744.0,-9,8,100
01:01:20.209,0,1,0,92342,37744.0,-7,7,98
01:01:20.412,0,1,0,92097,37744.0,-6,6,98
01:01:20.613,0,1,0,91853,37744.0,-5,5,96
01:01:20.815,0,1,0,91853,37744.0,-5,5,96
01:01:21.017,0,1,0,91603,37744.0,-4,4,98
01:01:21.219,0,1,0,91603,37744.0,-4,4,98
01:01:21.420,0,1,0,91603,37744.0,-4,4,98
01:01:21.622,0,1,0,90828,37744.0,-1,3,104
01:01:21.825,0,1,0,90567,37744.0,-1,3,101
01:01:22.027,0,1,0,90567,37744.0,-1,3,101
01:01:22.228,0,1,0,90308,37744.0,-1,3,102
01:01:22.430,0,1,0,90055,37744.0,0,3,96
01:01:22.631,0,1,0,89803,37744.0,0,2,99
01:01:22.833,0,1,0,89546,145112.0,1,1,100
01:01:23.035,0,1,0,89546,145112.0,1,1,100
01:01:23.236,0,1,0,89546,145112.0,1,1,100
01:01:23.438,0,1,0,89546,145112.0,1,1,100
01:01:23.640,0,1,0,88784,145112.0,1,1,96
01:01:23.841,0,1,0,88528,145112.0,2,0,97
01:01:24.043,0,1,0,88528,145112.0,2,0,97
01:01:24.244,0,1,0,88279,145112.0,3,0,96
01:01:24.446,0,1,0,88022,145112.0,5,0,105
01:01:24.647,0,1,0,87759,145112.0,5,-1,95
01:01:24.849,0,1,0,87506,145112.0,7,-2,99
01:01:25.051,0,1,0,87506,145112.0,7,-2,99
01:01:25.253,0,1,0,87506,145112.0,7,-2,99
01:01:25.456,0,1,0,87506,145112.0,7,-2,99
01:01:25.657,0,1,0,86739,145112.0,11,-6,98
01:01:25.859,0,1,0,86492,283354.0,13,-8,97
01:01:26.060,0,1,0,86492,283354.0,13,-8,97
01:01:26.262,0,1,0,86231,283354.0,15,-9,104
01:01:26.463,0,1,0,85951,283354.0,16,-10,108
01:01:26.665,0,1,0,85674,283354.0,16,-10,105
01:01:26.867,0,1,0,85420,283354.0,17,-11,100
01:01:27.069,0,1,0,85420,283354.0,17,-11,100
01:01:27.271,0,1,0,85420,283354.0,17,-11,100
01:01:27.474,0,1,0,85420,283354.0,17,-11,100
01:01:27.680,0,1,0,84653,283354.0,18,-11,96
01:01:27.882,0,1,0,84397,283354.0,18,-11,95
01:01:28.084,0,1,0,84136,283354.0,19,-12,105
01:01:28.288,0,1,0,84136,283354.0,19,-12,105
01:01:28.490,0,1,0,83879,283354.0,19,-11,93
01:01:28.692,0,1,0,83632,283354.0,18,-11,96
01:01:28.894,0,1,0,83375,26424.0,18,-10,98
01:01:29.096,0,1,0,83375,26424.0,18,-10,98
01:01:29.298,0,1,0,83375,26424.0,18,-10,98
01:01:29.500,0,1,0,83375,26424.0,18,-10,98
01:01:29.702,0,1,0,82580,26424.0,18,-11,101
01:01:29.904,0,1,0,82319,26424.0,19,-12,99
01:01:30.106,0,1,0,82061,26424.0,18,-11,96
01:01:30.309,0,1,0,82061,26424.0,18,-11,96
01:01:30.510,0,1,0,81810,26424.0,17,-10,97
01:01:30.712,0,1,0,81557,26424.0,17,-10,96
01:01:30.914,0,1,0,81293,26424.0,17,-10,97
01:01:31.116,0,1,0,81293,26424.0,17,-10,97
01:01:31.317,0,1,0,81293,26424.0,17,-10,97
01:01:31.519,0,1,0,81293,26424.0,17,-10,97
01:01:31.721,0,1,0,80547,26424.0,16,-8,97
01:01:31.923,0,1,0,80294,293413.0,16,-9,100
01:01:32.124,0,1,0,80036,293413.0,17,-9,96
01:01:32.326,0,1,0,80036,293413.0,17,-9,96
01:01:32.530,0,1,0,79801,293413.0,17,-10,89
01:01:32.731,0,1,0,79567,293413.0,18,-11,90
01:01:32.933,0,1,0,79332,293413.0,19,-12,93
01:01:33.135,0,1,0,79332,293413.0,19,-12,93
01:01:33.337,0,1,0,79332,293413.0,19,-12,93
01:01:33.539,0,1,0,79332,293413.0,19,-12,93
01:01:33.741,0,1,0,78574,293413.0,21,-14,98
01:01:33.943,0,1,0,78318,293413.0,21,-15,100
01:01:34.145,0,1,0,78068,293413.0,20,-14,97
01:01:34.346,0,1,0,77804,293413.0,21,-15,100
01:01:34.548,0,1,0,77804,293413.0,21,-15,100
01:01:34.750,0,1,0,77553,293413.0,19,-14,99
01:01:34.952,0,1,0,77297,91643.0,18,-13,98
01:01:35.154,0,1,0,77297,91643.0,18,-13,98
01:01:35.356,0,1,0,77297,91643.0,18,-13,98
01:01:35.558,0,1,0,77297,91643.0,18,-13,98
01:01:35.760,0,1,0,76446,91643.0,15,-11,111
01:01:35.961,0,1,0,76168,91643.0,14,-10,108
01:01:36.163,0,1,0,75897,91643.0,12,-8,102
01:01:36.364,0,1,0,75635,91643.0,11,-6,98
01:01:36.566,0,1,0,75635,91643.0,11,-6,98
01:01:36.768,0,1,0,75386,91643.0,10,-6,97
01:01:36.970,0,1,0,75134,91643.0,10,-5,100
01:01:37.172,0,1,0,75134,91643.0,10,-5,100
01:01:37.374,0,1,0,75134,91643.0,10,-5,100
01:01:37.575,0,1,0,75134,91643.0,10,-5,100
01:01:37.777,0,1,0,74367,91643.0,7,-3,99
01:01:37.978,0,1,0,74111,78605.0,7,-3,98
01:01:38.180,0,1,0,73848,78605.0,6,-2,107
01:01:38.381,0,1,0,73585,78605.0,6,-3,100
01:01:38.584,0,1,0,73319,78605.0,7,-3,102
01:01:38.785,0,1,0,73319,78605.0,7,-3,102
01:01:38.987,0,1,0,73072,78605.0,9,-5,99
01:01:39.195,0,1,0,73072,78605.0,9,-5,99
01:01:39.398,0,1,0,73072,78605.0,9,-5,99
01:01:39.599,0,1,0,72311,78605.0,11,-7,98
01:01:39.801,0,1,0,72311,78605.0,11,-7,98
01:01:40.004,0,1,0,72050,78605.0,12,-8,99
01:01:40.206,0,1,0,71797,78605.0,13,-9,96
01:01:40.408,0,1,0,71541,78605.0,13,-9,101
01:01:40.609,0,1,0,71289,78605.0,14,-9,100
01:01:40.811,0,1,0,71289,78605.0,14,-9,100
01:01:41.013,0,1,0,71031,53141.0,14,-9,95
01:01:41.215,0,1,0,71031,53141.0,14,-9,95
01:01:41.417,0,1,0,71031,53141.0,14,-9,95
01:01:41.619,0,1,0,70320,53141.0,13,-8,93
01:01:41.820,0,1,0,70320,53141.0,13,-8,93
01:01:42.022,0,1,0,70073,53141.0,12,-7,96
01:01:42.223,0,1,0,69824,53141.0,13,-7,100
01:01:42.425,0,1,0,69564,53141.0,13,-8,101
01:01:42.626,0,1,0,69309,53141.0,13,-7,102
01:01:42.828,0,1,0,69309,53141.0,13,-7,102
01:01:43.030,0,1,0,69054,53141.0,14,-8,99
01:01:43.233,0,1,0,69054,53141.0,14,-8,99
01:01:43.436,0,1,0,69054,53141.0,14,-8,99
01:01:43.638,0,1,0,68294,53141.0,17,-11,96
01:01:43.840,0,1,0,68045,53141.0,18,-12,101
01:01:44.042,0,1,0,68045,102492.0,18,-12,101
01:01:44.244,0,1,0,67793,102492.0,19,-13,100
01:01:44.446,0,1,0,67526,102492.0,20,-13,101
01:01:44.648,0,1,0,67271,102492.0,20,-13,104
01:01:44.850,0,1,0,67013,102492.0,20,-14,100
01:01:45.052,0,1,0,67013,102492.0,20,-14,100
01:01:45.255,0,1,0,67013,102492.0,20,-14,100
01:01:45.456,0,1,0,67013,102492.0,20,-14,100
01:01:45.658,0,1,0,66255,102492.0,21,-13,103
01:01:45.860,0,1,0,66001,102492.0,20,-13,100
01:01:46.062,0,1,0,66001,102492.0,20,-13,100
01:01:46.264,0,1,0,65747,102492.0,20,-12,101
01:01:46.466,0,1,0,65482,102492.0,20,-12,103
01:01:46.667,0,1,0,65233,102492.0,20,-12,97
01:01:46.869,0,1,0,64976,102492.0,19,-11,98
01:01:47.071,0,1,0,64976,150595.0,19,-11,98
01:01:47.273,0,1,0,64976,150595.0,19,-11,98
01:01:47.475,0,1,0,64976,150595.0,19,-11,98
01:01:47.676,0,1,0,64185,150595.0,18,-10,101
01:01:47.878,0,1,0,63925,150595.0,18,-10,99
01:01:48.081,0,1,0,63925,150595.0,18,-10,99
01:01:48.283,0,1,0,63668,150595.0,18,-10,106
01:01:48.485,0,1,0,63408,150595.0,18,-11,100
01:01:48.687,0,1,0,63146,150595.0,19,-12,103
01:01:48.890,0,1,0,62895,150595.0,20,-13,103
01:01:49.102,0,1,0,62895,150595.0,20,-13,103
01:01:49.304,0,1,0,62895,150595.0,20,-13,103
01:01:49.506,0,1,0,62895,150595.0,20,-13,103
01:01:49.709,0,1,0,62132,150595.0,19,-13,99
01:01:49.911,0,1,0,61880,128907.0,20,-13,98
01:01:50.112,0,1,0,61623,128907.0,20,-14,96
01:01:50.315,0,1,0,61623,128907.0,20,-14,96
01:01:50.517,0,1,0,61385,128907.0,19,-13,95
01:01:50.719,0,1,0,61140,128907.0,20,-14,94
01:01:50.922,0,1,0,60893,128907.0,20,-14,101
01:01:51.124,0,1,0,60893,128907.0,20,-14,101
01:01:51.326,0,1,0,60893,128907.0,20,-14,101
01:01:51.528,0,1,0,60893,128907.0,20,-14,101
01:01:51.730,0,1,0,60136,128907.0,18,-13,101
01:01:51.931,0,1,0,59878,128907.0,16,-12,104
01:01:52.134,0,1,0,59621,128907.0,15,-11,100
01:01:52.336,0,1,0,59621,128907.0,15,-11,100
01:01:52.538,0,1,0,59361,128907.0,13,-9,101
01:01:52.740,0,1,0,59104,128907.0,10,-7,100
01:01:52.943,0,1,0,58851,196634.0,8,-5,100
01:01:53.144,0,1,0,58851,196634.0,8,-5,100
01:01:53.346,0,1,0,58851,196634.0,8,-5,100
01:01:53.548,0,1,0,58851,196634.0,8,-5,100
01:01:53.750,0,1,0,58143,196634.0,1,0,91
01:01:53.951,0,1,0,57913,196634.0,-1,3,93
01:01:54.153,0,1,0,57670,196634.0,-3,5,103
01:01:54.354,0,1,0,57413,196634.0,-5,6,97
01:01:54.556,0,1,0,57413,196634.0,-5,6,97
01:01:54.758,0,1,0,57158,196634.0,-6,6,101
01:01:54.959,0,1,0,56896,196634.0,-7,7,105
01:01:55.161,0,1,0,56896,196634.0,-7,7,105
01:01:55.363,0,1,0,56896,196634.0,-7,7,105
01:01:55.564,0,1,0,56896,196634.0,-7,7,105
01:01:55.767,0,1,0,56130,196634.0,-7,7,101
01:01:55.969,0,1,0,55873,184345.0,-6,6,101
01:01:56.170,0,1,0,55618,184345.0,-6,5,97
01:01:56.372,0,1,0,55363,184345.0,-5,4,100
01:01:56.574,0,1,0,55363,184345.0,-5,4,100
01:01:56.775,0,1,0,55114,184345.0,-5,4,99
01:01:56.977,0,1,0,54857,184345.0,-4,3,102
01:01:57.179,0,1,0,54857,184345.0,-4,3,102
01:01:57.380,0,1,0,54857,184345.0,-4,3,102
01:01:57.582,0,1,0,54857,184345.0,-4,3,102
01:01:57.785,0,1,0,54089,184345.0,0,0,100
01:01:57.987,0,1,0,53840,184345.0,1,0,94
01:01:58.188,0,1,0,53587,184345.0,0,0,107
01:01:58.390,0,1,0,53330,184345.0,1,-1,97
01:01:58.592,0,1,0,53080,184345.0,2,-1,98
01:01:58.794,0,1,0,53080,184345.0,2,-1,98
01:01:58.995,0,1,0,52827,111916.0,3,-3,102
01:01:59.202,0,1,0,52827,111916.0,3,-3,102
01:01:59.404,0,1,0,52827,111916.0,3,-3,102
01:01:59.606,0,1,0,51964,111916.0,7,-6,118
01:01:59.808,0,1,0,51964,111916.0,7,-6,118
01:02:00.009,0,1,0,51660,111916.0,5,-4,117
01:02:00.211,0,1,0,51377,111916.0,4,-3,110
01:02:00.412,0,1,0,51102,111916.0,2,-1,105
01:02:00.614,0,1,0,50839,111916.0,0,0,101
01:02:00.816,0,1,0,50839,111916.0,0,0,101
01:02:01.018,0,1,0,50582,111916.0,0,2,105
01:02:01.220,0,1,0,50582,111916.0,0,2,105
01:02:01.422,0,1,0,50582,111916.0,0,2,105
01:02:01.624,0,1,0,49808,111916.0,-8,9,99
01:02:01.825,0,1,0,49808,111916.0,-8,9,99
01:02:02.027,0,1,0,49554,56324.0,-10,11,99
01:02:02.229,0,1,0,49309,56324.0,-13,13,101
01:02:02.431,0,1,0,49063,56324.0,-16,16,94
01:02:02.633,0,1,0,48820,56324.0,-18,18,99
01:02:02.836,0,1,0,48820,56324.0,-18,18,99
01:02:03.038,0,1,0,48575,56324.0,-20,20,100
01:02:03.240,0,1,0,48575,56324.0,-20,20,100
01:02:03.442,0,1,0,48575,56324.0,-20,20,100
01:02:03.644,0,1,0,47826,56324.0,-25,24,101
01:02:03.846,0,1,0,47573,56324.0,-26,24,100
01:02:04.047,0,1,0,47573,56324.0,-26,24,100
01:02:04.249,0,1,0,47314,56324.0,-25,24,102
01:02:04.451,0,1,0,47057,56324.0,-25,24,103
01:02:04.653,0,1,0,46799,56324.0,-25,24,103
01:02:04.856,0,1,0,46539,56324.0,-25,24,104
01:02:05.057,0,1,0,46539,79349.0,-25,24,104
01:02:05.260,0,1,0,46539,79349.0,-25,24,104
01:02:05.461,0,1,0,46539,79349.0,-25,24,104
01:02:05.663,0,1,0,45795,79349.0,-23,22,96
01:02:05.865,0,1,0,45548,79349.0,-22,21,102
01:02:06.067,0,1,0,45548,79349.0,-22,21,102
01:02:06.269,0,1,0,45295,79349.0,-21,19,101
01:02:06.470,0,1,0,45044,79349.0,-18,17,102
01:02:06.672,0,1,0,44791,79349.0,-17,16,102
01:02:06.874,0,1,0,44526,79349.0,-14,14,108
01:02:07.076,0,1,0,44526,79349.0,-14,14,108
01:02:07.277,0,1,0,44526,79349.0,-14,14,108
01:02:07.479,0,1,0,44526,79349.0,-14,14,108
01:02:07.681,0,1,0,43762,79349.0,-9,9,100
01:02:07.883,0,1,0,43510,79349.0,-8,8,100
01:02:08.085,0,1,0,43510,253638.0,-8,8,100
01:02:08.286,0,1,0,43257,253638.0,-7,7,101
01:02:08.489,0,1,0,43023,253638.0,-6,6,90
01:02:08.691,0,1,0,42794,253638.0,-5,6,96
01:02:08.893,0,1,0,42559,253638.0,-4,5,96
01:02:09.106,0,1,0,42559,253638.0,-4,5,96
01:02:09.308,0,1,0,42559,253638.0,-4,5,96
01:02:09.510,0,1,0,42559,253638.0,-4,5,96
01:02:09.711,0,1,0,41795,253638.0,-2,4,100
01:02:09.913,0,1,0,41544,253638.0,-3,5,102
01:02:10.115,0,1,0,41280,253638.0,-4,6,106
01:02:10.316,0,1,0,41280,253638.0,-4,6,106
01:02:10.518,0,1,0,41027,253638.0,-5,6,99
01:02:10.720,0,1,0,40775,253638.0,-5,7,102
01:02:10.922,0,1,0,40520,253638.0,-5,7,100
01:02:11.124,0,1,0,40520,101865.0,-5,7,100
01:02:11.326,0,1,0,40520,101865.0,-5,7,100
01:02:11.528,0,1,0,40520,101865.0,-5,7,100
01:02:11.729,0,1,0,39753,101865.0,-7,8,99
01:02:11.931,0,1,0,39510,101865.0,-7,9,101
01:02:12.132,0,1,0,39256,101865.0,-7,9,101
01:02:12.334,0,1,0,39256,101865.0,-7,9,101
01:02:12.535,0,1,0,39001,101865.0,-8,10,104
01:02:12.737,0,1,0,38746,101865.0,-8,10,104
01:02:12.940,0,1,0,38487,101865.0,-8,9,101
01:02:13.142,0,1,0,38487,101865.0,-8,9,101
01:02:13.344,0,1,0,38487,101865.0,-8,9,101
01:02:13.546,0,1,0,38487,101865.0,-8,9,101
01:02:13.748,0,1,0,37731,101865.0,-7,8,101
01:02:13.949,0,1,0,37481,101865.0,-6,8,104
01:02:14.151,0,1,0,37222,136238.0,-7,8,98
01:02:14.352,0,1,0,36971,136238.0,-6,7,99
01:02:14.555,0,1,0,36971,136238.0,-6,7,99
01:02:14.757,0,1,0,36728,136238.0,-6,7,99
01:02:14.959,0,1,0,36477,136238.0,-4,5,98
01:02:15.161,0,1,0,36477,136238.0,-4,5,98
01:02:15.362,0,1,0,36477,136238.0,-4,5,98
01:02:15.564,0,1,0,36477,136238.0,-4,5,98
01:02:15.766,0,1,0,35735,136238.0,-3,4,102
01:02:15.968,0,1,0,35477,136238.0,-2,3,107
01:02:16.170,0,1,0,35216,136238.0,-1,3,101
01:02:16.371,0,1,0,34958,136238.0,0,2,105
01:02:16.573,0,1,0,34958,136238.0,0,2,105
01:02:16.774,0,1,0,34700,136238.0,0,1,104
01:02:16.976,0,1,0,34450,136238.0,2,0,99
01:02:17.178,0,1,0,34450,103700.0,2,0,99
01:02:17.379,0,1,0,34450,103700.0,2,0,99
01:02:17.581,0,1,0,34450,103700.0,2,0,99
01:02:17.783,0,1,0,33686,103700.0,7,-4,101
01:02:17.984,0,1,0,33423,103700.0,9,-5,102
01:02:18.186,0,1,0,33176,103700.0,12,-8,105
01:02:18.388,0,1,0,32918,103700.0,14,-9,104
01:02:18.591,0,1,0,32918,103700.0,14,-9,104
01:02:18.793,0,1,0,32663,103700.0,15,-11,108
01:02:18.995,0,1,0,32402,103700.0,17,-12,103
01:02:19.197,0,1,0,32402,103700.0,17,-12,103
01:02:19.404,0,1,0,32402,103700.0,17,-12,103
01:02:19.606,0,1,0,32402,103700.0,17,-12,103
01:02:19.817,0,1,0,31638,103700.0,20,-14,104
01:02:20.020,0,1,0,31379,104112.0,19,-14,103
01:02:20.221,0,1,0,31132,104112.0,18,-13,102
01:02:20.423,0,1,0,30867,104112.0,18,-13,111
01:02:20.625,0,1,0,30595,104112.0,17,-12,108
01:02:20.827,0,1,0,30595,104112.0,17,-12,108
01:02:21.029,0,1,0,30324,104112.0,16,-11,103
01:02:21.230,0,1,0,30324,104112.0,16,-11,103
01:02:21.432,0,1,0,30324,104112.0,16,-11,103
01:02:21.634,0,1,0,29559,104112.0,12,-7,108
01:02:21.835,0,1,0,29559,104112.0,12,-7,108
01:02:22.037,0,1,0,29298,104112.0,10,-6,96
01:02:22.239,0,1,0,29051,104112.0,9,-5,104
01:02:22.441,0,1,0,28800,104112.0,8,-3,103
01:02:22.643,0,1,0,28539,104112.0,6,-2,101
01:02:22.845,0,1,0,28539,104112.0,6,-2,101
01:02:23.047,0,1,0,28281,265717.0,5,-1,105
01:02:23.249,0,1,0,28281,265717.0,5,-1,105
01:02:23.452,0,1,0,28281,265717.0,5,-1,105
01:02:23.655,0,1,0,27467,265717.0,4,0,106
01:02:23.857,0,1,0,27188,265717.0,5,0,109
01:02:24.059,0,1,0,27188,265717.0,5,0,109
01:02:24.260,0,1,0,26928,265717.0,6,-1,103
01:02:24.462,0,1,0,26664,265717.0,6,-2,101
01:02:24.663,0,1,0,26407,265717.0,7,-2,100
01:02:24.865,0,1,0,26146,265717.0,8,-3,102
01:02:25.067,0,1,0,26146,265717.0,8,-3,102
01:02:25.269,0,1,0,26146,265717.0,8,-3,102
01:02:25.471,0,1,0,26146,265717.0,8,-3,102
01:02:25.672,0,1,0,25377,265717.0,12,-6,103
01:02:25.874,0,1,0,25125,265717.0,13,-6,100
01:02:26.075,0,1,0,25125,55535.0,13,-6,100
01:02:26.277,0,1,0,24864,55535.0,12,-6,97
01:02:26.478,0,1,0,24624,55535.0,13,-6,89
01:02:26.680,0,1,0,24400,55535.0,13,-6,91
01:02:26.882,0,1,0,24165,55535.0,14,-7,96
01:02:27.083,0,1,0,24165,55535.0,14,-7,96
01:02:27.285,0,1,0,24165,55535.0,14,-7,96
01:02:27.488,0,1,0,24165,55535.0,14,-7,96
01:02:27.689,0,1,0,23422,55535.0,17,-8,105
01:02:27.891,0,1,0,23160,55535.0,17,-9,102
01:02:28.093,0,1,0,23160,55535.0,17,-9,102
01:02:28.294,0,1,0,22909,55535.0,18,-10,102
01:02:28.496,0,1,0,22646,55535.0,20,-11,104
01:02:28.698,0,1,0,22388,55535.0,22,-13,103
01:02:28.900,0,1,0,22132,55535.0,23,-14,98
01:02:29.102,0,1,0,22132,66162.0,23,-14,98
01:02:29.312,0,1,0,22132,66162.0,23,-14,98
01:02:29.519,0,1,0,22132,66162.0,23,-14,98
01:02:29.721,0,1,0,21421,66162.0,30,-20,88
01:02:29.923,0,1,0,21186,66162.0,30,-21,96
01:02:30.125,0,1,0,20939,66162.0,32,-23,96
01:02:30.326,0,1,0,20939,66162.0,32,-23,96
01:02:30.528,0,1,0,20685,66162.0,34,-25,103
01:02:30.730,0,1,0,20427,66162.0,35,-26,101
01:02:30.932,0,1,0,20166,66162.0,35,-26,101
01:02:31.134,0,1,0,20166,66162.0,35,-26,101
01:02:31.336,0,1,0,20166,66162.0,35,-26,101
01:02:31.538,0,1,0,20166,66162.0,35,-26,101
01:02:31.739,0,1,0,19406,66162.0,34,-25,103
01:02:31.941,0,1,0,19147,66162.0,31,-23,98
01:02:32.143,0,1,0,18889,118270.0,29,-21,103
01:02:32.345,0,1,0,18889,118270.0,29,-21,103
01:02:32.546,0,1,0,18634,118270.0,27,-20,100
01:02:32.748,0,1,0,18370,118270.0,24,-17,102
01:02:32.950,0,1,0,18110,118270.0,23,-15,102
01:02:33.153,0,1,0,18110,118270.0,23,-15,102
01:02:33.356,0,1,0,18110,118270.0,23,-15,102
01:02:33.557,0,1,0,18110,118270.0,23,-15,102
01:02:33.759,0,1,0,17350,118270.0,14,-8,102
01:02:33.960,0,1,0,17092,118270.0,12,-6,100
01:02:34.162,0,1,0,16837,118270.0,10,-5,98
01:02:34.363,0,1,0,16578,118270.0,8,-3,102
01:02:34.565,0,1,0,16578,118270.0,8,-3,102
01:02:34.768,0,1,0,16325,118270.0,7,-3,98
01:02:34.970,0,1,0,16067,118270.0,6,-2,101
01:02:35.172,0,1,0,16067,130012.0,6,-2,101
01:02:35.373,0,1,0,16067,130012.0,6,-2,101
01:02:35.575,0,1,0,16067,130012.0,6,-2,101
01:02:35.777,0,1,0,15300,130012.0,3,-1,99
01:02:35.978,0,1,0,15047,130012.0,3,-1,102
01:02:36.180,0,1,0,14787,130012.0,1,0,102
01:02:36.381,0,1,0,14528,130012.0,0,1,101
01:02:36.583,0,1,0,14528,130012.0,0,1,101
01:02:36.785,0,1,0,14262,130012.0,-1,2,104
01:02:36.987,0,1,0,14011,130012.0,-3,4,97
01:02:37.190,0,1,0,14011,130012.0,-3,4,97
01:02:37.392,0,1,0,14011,130012.0,-3,4,97
01:02:37.594,0,1,0,14011,130012.0,-3,4,97
01:02:37.795,0,1,0,13254,130012.0,-9,8,101
01:02:37.997,0,1,0,12996,130012.0,-11,10,101
01:02:38.199,0,1,0,12737,141519.0,-13,12,97
01:02:38.401,0,1,0,12492,141519.0,-16,14,96
01:02:38.603,0,1,0,12492,141519.0,-16,14,96
01:02:38.805,0,1,0,12245,141519.0,-19,16,93
01:02:39.007,0,1,0,11993,141519.0,-21,17,99
01:02:39.215,0,1,0,11993,141519.0,-21,17,99
01:02:39.424,0,1,0,11993,141519.0,-21,17,99
01:02:39.630,0,1,0,11270,141519.0,-30,25,79
01:02:39.831,0,1,0,11270,141519.0,-30,25,79
01:02:40.033,0,1,0,11084,141519.0,-33,27,65
01:02:40.235,0,1,0,10932,141519.0,-36,30,51
01:02:40.436,0,1,0,10811,141519.0,-38,32,41
01:02:40.638,0,1,0,10718,141519.0,-39,33,33
01:02:40.840,0,1,0,10718,141519.0,-39,33,33
01:02:41.045,0,1,0,10638,141519.0,-40,34,33
01:02:41.247,0,1,0,10638,56862.0,-40,34,33
01:02:41.449,0,1,0,10638,56862.0,-40,34,33
01:02:41.651,0,1,0,10359,56862.0,-44,37,41
01:02:41.852,0,1,0,10359,56862.0,-44,37,41
01:02:42.054,0,1,0,10259,56862.0,-44,37,41
01:02:42.256,0,1,0,10161,56862.0,-43,35,39
01:02:42.458,0,1,0,10067,56862.0,-42,35,37
01:02:42.660,0,1,0,9976,56862.0,-40,34,36
01:02:42.862,0,1,0,9889,56862.0,-40,34,34
01:02:43.064,0,1,0,9889,56862.0,-40,34,34
01:02:43.267,0,1,0,9889,56862.0,-40,34,34
01:02:43.469,0,1,0,9889,56862.0,-40,34,34
01:02:43.671,0,1,0,9630,56862.0,-34,28,34
01:02:43.872,0,1,0,9544,56862.0,-31,25,34
01:02:44.074,0,1,0,9544,75551.0,-31,25,34
01:02:44.276,0,1,0,9457,75551.0,-28,22,34
01:02:44.478,0,1,0,9374,75551.0,-25,20,28
01:02:44.680,0,1,0,9302,75551.0,-23,19,27
01:02:44.882,0,1,0,9231,75551.0,-22,17,29
01:02:45.084,0,1,0,9231,75551.0,-22,17,29
01:02:45.285,0,1,0,9231,75551.0,-22,17,29
01:02:45.487,0,1,0,9231,75551.0,-22,17,29
01:02:45.689,0,1,0,8986,75551.0,-14,11,35
01:02:45.890,0,1,0,8900,75551.0,-11,9,33
01:02:46.092,0,1,0,8900,75551.0,-11,9,33
01:02:46.295,0,1,0,8818,75551.0,-10,8,29
01:02:46.497,0,1,0,8765,75551.0,-9,7,11
01:02:46.699,0,1,0,8751,75551.0,-7,6,-2
01:02:46.901,0,1,0,8759,75551.0,-4,4,-5
01:02:47.103,0,1,0,8759,254687.0,-4,4,-5
01:02:47.305,0,1,0,8759,254687.0,-4,4,-5
01:02:47.506,0,1,0,8759,254687.0,-4,4,-5
01:02:47.708,0,1,0,8782,254687.0,-1,1,-2
01:02:47.910,0,1,0,8785,254687.0,0,0,0
01:02:48.111,0,1,0,8785,254687.0,0,0,0
01:02:48.313,0,1,0,8785,254687.0,1,0,0
01:02:48.514,0,1,0,8785,254687.0,2,0,0
01:02:48.716,0,1,0,8785,254687.0,2,0,0
01:02:48.919,0,1,0,8785,254687.0,2,0,0
01:02:49.131,0,1,0,8785,254687.0,2,0,0
01:02:49.333,0,1,0,8785,254687.0,2,0,0
01:02:49.534,0,1,0,8785,254687.0,2,0,0
01:02:49.736,0,1,0,8786,254687.0,2,1,0
01:02:49.938,0,1,0,8786,254687.0,1,1,0
01:02:50.140,0,1,0,8786,18076.0,2,0,0
01:02:50.341,0,1,0,8786,18076.0,2,0,0
01:02:50.543,0,1,0,8787,18076.0,3,0,0
01:02:50.745,0,1,0,8787,18076.0,4,0,0
01:02:50.947,0,1,0,8788,18076.0,3,0,0
01:02:51.149,0,1,0,8788,18076.0,3,0,0
01:02:51.351,0,1,0,8788,18076.0,3,0,0
01:02:51.552,0,1,0,8788,18076.0,3,0,0
01:02:51.754,0,1,0,8788,18076.0,7,-2,0
01:02:51.956,0,1,0,8788,18076.0,7,-2,0
01:02:52.158,0,1,0,8790,18076.0,7,-3,-1
01:02:52.360,0,1,0,8790,18076.0,7,-3,-1
01:02:52.561,0,1,0,8791,18076.0,9,-4,0
01:02:52.763,0,1,0,8791,18076.0,10,-5,0
01:02:52.965,0,1,0,8787,18076.0,10,-5,0
01:02:53.168,0,1,0,8787,2250.0,10,-5,0
01:02:53.370,0,1,0,8787,2250.0,10,-5,0
01:02:53.571,0,1,0,8787,2250.0,10,-5,0
01:02:53.773,0,1,0,8683,2250.0,9,-4,35
01:02:53.975,0,1,0,8589,2250.0,10,-5,40
01:02:54.176,0,1,0,8488,2250.0,10,-5,40
01:02:54.378,0,1,0,8388,2250.0,9,-4,38
01:02:54.579,0,1,0,8388,2250.0,9,-4,38
01:02:54.781,0,1,0,8295,2250.0,8,-3,37
01:02:54.984,0,1,0,8207,2250.0,7,-2,34
01:02:55.186,0,1,0,8207,2250.0,7,-2,34
01:02:55.389,0,1,0,8207,2250.0,7,-2,34
01:02:55.591,0,1,0,8207,2250.0,7,-2,34
01:02:55.792,0,1,0,7952,2250.0,6,-1,33
01:02:55.994,0,1,0,7869,2250.0,5,0,33
01:02:56.195,0,1,0,7784,269114.0,3,0,35
01:02:56.397,0,1,0,7698,269114.0,2,1,33
01:02:56.599,0,1,0,7698,269114.0,2,1,33
01:02:56.800,0,1,0,7611,269114.0,2,1,35
01:02:57.002,0,1,0,7525,269114.0,1,2,34
01:02:57.204,0,1,0,7525,269114.0,1,2,34
01:02:57.405,0,1,0,7525,269114.0,1,2,34
01:02:57.607,0,1,0,7525,269114.0,1,2,34
01:02:57.809,0,1,0,7267,269114.0,0,3,34
01:02:58.010,0,1,0,7180,269114.0,-2,4,35
01:02:58.212,0,1,0,7092,269114.0,-2,5,33
01:02:58.414,0,1,0,7006,269114.0,-2,4,33
01:02:58.616,0,1,0,7006,269114.0,-2,4,33
01:02:58.817,0,1,0,6920,269114.0,-2,4,33
01:02:59.019,0,1,0,6834,269114.0,-3,5,33
01:02:59.230,0,1,0,6834,45169.0,-3,5,33
01:02:59.431,0,1,0,6834,45169.0,-3,5,33
01:02:59.635,0,1,0,6598,45169.0,-5,6,25
01:02:59.837,0,1,0,6598,45169.0,-5,6,25
01:03:00.039,0,1,0,6525,45169.0,-4,5,28
01:03:00.240,0,1,0,6448,45169.0,-4,6,30
01:03:00.442,0,1,0,6365,45169.0,-4,6,33
01:03:00.643,0,1,0,6277,45169.0,-5,6,33
01:03:00.845,0,1,0,6277,45169.0,-5,6,33
01:03:01.047,0,1,0,6193,45169.0,-6,7,34
01:03:01.249,0,1,0,6193,45169.0,-6,7,34
01:03:01.450,0,1,0,6193,45169.0,-6,7,34
01:03:01.652,0,1,0,5936,45169.0,-6,7,33
01:03:01.854,0,1,0,5936,45169.0,-6,7,33
01:03:02.055,0,1,0,5853,45169.0,-6,7,32
01:03:02.257,0,1,0,5771,177929.0,-6,7,32
01:03:02.459,0,1,0,5680,177929.0,-7,7,37
01:03:02.660,0,1,0,5585,177929.0,-7,8,37
01:03:02.862,0,1,0,5585,177929.0,-7,8,37
01:03:03.064,0,1,0,5491,177929.0,-6,7,37
01:03:03.266,0,1,0,5491,177929.0,-6,7,37
01:03:03.467,0,1,0,5491,177929.0,-6,7,37
01:03:03.669,0,1,0,5227,177929.0,-2,3,32
01:03:03.871,0,1,0,5143,177929.0,0,2,34
01:03:04.072,0,1,0,5143,177929.0,0,2,34
01:03:04.274,0,1,0,5060,177929.0,0,1,33
01:03:04.475,0,1,0,4976,177929.0,1,0,34
01:03:04.677,0,1,0,4889,177929.0,3,0,34
01:03:04.879,0,1,0,4802,177929.0,4,-2,34
01:03:05.080,0,1,0,4802,177929.0,4,-2,34
01:03:05.283,0,1,0,4802,107443.0,4,-2,34
01:03:05.485,0,1,0,4802,107443.0,4,-2,34
01:03:05.688,0,1,0,4550,107443.0,5,-3,29
01:03:05.890,0,1,0,4475,107443.0,6,-3,31
01:03:06.092,0,1,0,4475,107443.0,6,-3,31
01:03:06.293,0,1,0,4394,107443.0,8,-5,32
01:03:06.495,0,1,0,4310,107443.0,9,-5,32
01:03:06.697,0,1,0,4224,107443.0,8,-5,34
01:03:06.898,0,1,0,4138,107443.0,7,-4,33
01:03:07.100,0,1,0,4138,107443.0,7,-4,33
01:03:07.302,0,1,0,4138,107443.0,7,-4,33
01:03:07.503,0,1,0,4138,107443.0,7,-4,33
01:03:07.705,0,1,0,3883,107443.0,7,-3,33
01:03:07.906,0,1,0,3795,107443.0,7,-3,33
01:03:08.108,0,1,0,3795,107443.0,7,-3,33
01:03:08.309,0,1,0,3707,30065.0,7,-3,34
01:03:08.511,0,1,0,3622,30065.0,6,-2,31
01:03:08.713,0,1,0,3539,30065.0,6,-2,31
01:03:08.914,0,1,0,3457,30065.0,6,-2,32
01:03:09.116,0,1,0,3457,30065.0,6,-2,32
01:03:09.318,0,1,0,3457,30065.0,6,-2,32
01:03:09.519,0,1,0,3457,30065.0,6,-2,32
01:03:09.724,0,1,0,3204,30065.0,7,-3,32
01:03:09.925,0,1,0,3115,30065.0,6,-2,33
01:03:10.127,0,1,0,3030,30065.0,5,-2,32
01:03:10.330,0,1,0,3030,30065.0,5,-2,32
01:03:10.531,0,1,0,2945,30065.0,5,-2,31
01:03:10.733,0,1,0,2859,30065.0,6,-2,32
01:03:10.935,0,1,0,2776,30065.0,6,-3,31
01:03:11.145,0,1,0,2776,30065.0,6,-3,31
01:03:11.346,0,1,0,2776,269393.0,6,-3,31
01:03:11.548,0,1,0,2776,269393.0,6,-3,31
01:03:11.750,0,1,0,2504,269393.0,5,-1,38
01:03:11.952,0,1,0,2402,269393.0,5,-1,39
01:03:12.153,0,1,0,2302,269393.0,5,-1,36
01:03:12.355,0,1,0,2302,269393.0,5,-1,36
01:03:12.556,0,1,0,2209,269393.0,6,-2,35
01:03:12.758,0,1,0,2114,269393.0,7,-3,35
01:03:12.960,0,1,0,2025,269393.0,7,-4,33
01:03:13.161,0,1,0,2025,269393.0,7,-4,33
01:03:13.363,0,1,0,2025,269393.0,7,-4,33
01:03:13.565,0,1,0,2025,269393.0,7,-4,33
01:03:13.767,0,1,0,1765,269393.0,5,-2,31
01:03:13.968,0,1,0,1680,269393.0,4,-2,32
01:03:14.170,0,1,0,1593,23339.0,5,-2,33
01:03:14.372,0,1,0,1593,23339.0,5,-2,33
01:03:14.575,0,1,0,1507,23339.0,4,-1,31
01:03:14.778,0,1,0,1425,23339.0,3,0,29
01:03:14.980,0,1,0,1345,23339.0,2,0,28
01:03:15.182,0,1,0,1345,23339.0,2,0,28
01:03:15.383,0,1,0,1345,23339.0,2,0,28
01:03:15.585,0,1,0,1345,23339.0,2,0,28
01:03:15.787,0,1,0,1099,23339.0,0,3,30
01:03:15.988,0,1,0,1017,23339.0,-1,3,31
01:03:16.190,0,1,0,934,23339.0,-1,4,32
01:03:16.391,0,1,0,850,23339.0,-2,5,31
01:03:16.593,0,1,0,850,23339.0,-2,5,31
01:03:16.795,0,1,0,765,23339.0,-4,5,31
01:03:16.996,0,1,0,679,23339.0,-4,5,31
01:03:17.198,0,1,0,679,254667.0,-4,5,31
01:03:17.400,0,1,0,679,254667.0,-4,5,31
01:03:17.603,0,1,0,679,254667.0,-4,5,31
01:03:17.804,0,1,0,439,254667.0,-4,6,24
01:03:18.006,0,1,0,370,254667.0,-5,6,24
01:03:18.208,0,1,0,297,254667.0,-6,7,27
01:03:18.410,0,1,0,217,254667.0,-6,7,30
01:03:18.611,0,1,0,217,254667.0,-6,7,30
01:03:18.813,0,1,0,136,254667.0,-7,8,31
01:03:19.014,0,1,0,133,254667.0,9,3,-9
01:03:19.216,0,1,0,133,254667.0,9,3,-9
01:03:19.418,0,1,0,133,254667.0,9,3,-9
01:03:19.621,0,1,0,133,254667.0,9,3,-9
01:03:19.823,0,1,0,130,254667.0,9,2,-8
01:03:20.024,0,1,0,133,254667.0,8,2,-7
01:03:20.226,0,1,0,134,111534.0,7,2,-7
01:03:20.428,0,1,0,135,111534.0,6,2,-6
01:03:20.630,0,1,0,137,111534.0,5,2,-6
01:03:20.832,0,1,0,137,111534.0,5,2,-6
01:03:21.034,0,1,0,139,111534.0,4,3,-6
01:03:21.237,0,1,0,139,111534.0,4,3,-6
01:03:21.439,0,1,0,139,111534.0,4,3,-6
01:03:21.641,0,1,0,141,111534.0,1,4,-5
01:03:21.841,0,1,0,141,111534.0,1,4,-5
01:03:22.042,0,1,0,135,111534.0,0,4,-5
01:03:22.242,0,1,0,126,111534.0,0,4,-4
01:03:22.442,0,1,0,119,111534.0,-1,5,-4
01:03:22.643,0,1,0,112,111534.0,-2,5,-4
01:03:22.843,0,1,0,112,111534.0,-2,5,-4
01:03:23.044,0,1,0,107,111534.0,-2,5,-3
01:03:23.291,0,1,0,107,111534.0,-2,5,-3
01:03:23.533,0,1,0,107,111534.0,-2,5,-3
01:03:23.813,0,1,0,97,111534.0,-4,5,-3
01:03:24.034,0,1,0,95,111534.0,-4,6,-3
01:03:24.270,0,1,0,93,111534.0,-4,6,-2
01:03:24.532,0,1,0,90,111534.0,-4,6,-2
01:03:24.821,0,1,0,88,111534.0,-5,6,-2
01:03:25.097,0,1,0,86,111534.0,-5,6,-2
01:03:25.308,0,1,0,86,111534.0,-5,6,-2
01:03:25.529,0,1,0,86,111534.0,-5,6,-2
01:03:25.794,0,1,0,81,111534.0,-5,6,-1
01:03:26.077,0,1,0,79,111534.0,-5,6,-1
01:03:26.325,0,1,0,78,111534.0,-5,6,-1
01:03:26.551,0,1,0,76,111534.0,-5,6,-1
01:03:26.788,0,1,0,74,111534.0,-5,6,-1
01:03:27.067,0,1,0,72,111534.0,-4,6,-1
